1s2.2s2.2p3.3s1--5.0S[2.0], 2.0, 97650.89807227095
1s2.2s2.2p3.3s1--3.0S[1.0], 1.0, 97650.89807227095
1s2.2s2.2p3.3p1--5.0P[3.0, 2.0, 1.0], 3.0, 97650.89807227095
1s2.2s2.2p3.3p1--5.0P[3.0, 2.0, 1.0], 2.0, 97650.89807227095
1s2.2s2.2p3.3p1--5.0P[3.0, 2.0, 1.0], 1.0, 97650.89807227095
1s2.2s2.2p3.3p1--3.0P[2.0, 1.0, 0.0], 2.0, 97650.89807227095
1s2.2s2.2p3.3p1--3.0P[2.0, 1.0, 0.0], 1.0, 97650.89807227095
1s2.2s2.2p3.3p1--3.0P[2.0, 1.0, 0.0], 0.0, 97650.89807227095
1s2.2s2.2p3.3d1--5.0D[4.0, 3.0, 2.0, 1.0, 0.0], 4.0, 97650.89807227095
1s2.2s2.2p3.3d1--5.0D[4.0, 3.0, 2.0, 1.0, 0.0], 3.0, 97650.89807227095
1s2.2s2.2p3.3d1--5.0D[4.0, 3.0, 2.0, 1.0, 0.0], 2.0, 97650.89807227095
1s2.2s2.2p3.3d1--5.0D[4.0, 3.0, 2.0, 1.0, 0.0], 1.0, 97650.89807227095
1s2.2s2.2p3.3d1--5.0D[4.0, 3.0, 2.0, 1.0, 0.0], 0.0, 97650.89807227095
1s2.2s2.2p3.3d1--3.0D[3.0, 2.0, 1.0], 3.0, 97650.89807227095
1s2.2s2.2p3.3d1--3.0D[3.0, 2.0, 1.0], 2.0, 97650.89807227095
1s2.2s2.2p3.3d1--3.0D[3.0, 2.0, 1.0], 1.0, 97650.89807227095
1s2.2s2.2p3.3s1--5.0S[2.0], 2.0, 97650.89807227095
1s2.2s2.2p3.3s1--3.0S[1.0], 1.0, 97650.89807227095
1s2.2s2.2p3.3p1--5.0P[3.0, 2.0, 1.0], 3.0, 97650.89807227095
1s2.2s2.2p3.3p1--5.0P[3.0, 2.0, 1.0], 2.0, 97650.89807227095
1s2.2s2.2p3.3p1--5.0P[3.0, 2.0, 1.0], 1.0, 97650.89807227095
1s2.2s2.2p3.3p1--3.0P[2.0, 1.0, 0.0], 2.0, 97650.89807227095
1s2.2s2.2p3.3p1--3.0P[2.0, 1.0, 0.0], 1.0, 97650.89807227095
1s2.2s2.2p3.3p1--3.0P[2.0, 1.0, 0.0], 0.0, 97650.89807227095
1s2.2s2.2p3.3d1--5.0D[4.0, 3.0, 2.0, 1.0, 0.0], 4.0, 97650.89807227095
1s2.2s2.2p3.3d1--5.0D[4.0, 3.0, 2.0, 1.0, 0.0], 3.0, 97650.89807227095
1s2.2s2.2p3.3d1--5.0D[4.0, 3.0, 2.0, 1.0, 0.0], 2.0, 97650.89807227095
1s2.2s2.2p3.3d1--5.0D[4.0, 3.0, 2.0, 1.0, 0.0], 1.0, 97650.89807227095
1s2.2s2.2p3.3d1--5.0D[4.0, 3.0, 2.0, 1.0, 0.0], 0.0, 97650.89807227095
1s2.2s2.2p3.3d1--3.0D[3.0, 2.0, 1.0], 3.0, 97650.89807227095
1s2.2s2.2p3.3d1--3.0D[3.0, 2.0, 1.0], 2.0, 97650.89807227095
1s2.2s2.2p3.3d1--3.0D[3.0, 2.0, 1.0], 1.0, 97650.89807227095
1s2.2s2.2p3.3s1--5.0S[2.0], 2.0, 97650.89807227095
1s2.2s2.2p3.3s1--3.0S[1.0], 1.0, 97650.89807227095
1s2.2s2.2p3.3p1--5.0P[3.0, 2.0, 1.0], 3.0, 97650.89807227095
1s2.2s2.2p3.3p1--5.0P[3.0, 2.0, 1.0], 2.0, 97650.89807227095
1s2.2s2.2p3.3p1--5.0P[3.0, 2.0, 1.0], 1.0, 97650.89807227095
1s2.2s2.2p3.3p1--3.0P[2.0, 1.0, 0.0], 2.0, 97650.89807227095
1s2.2s2.2p3.3p1--3.0P[2.0, 1.0, 0.0], 1.0, 97650.89807227095
1s2.2s2.2p3.3p1--3.0P[2.0, 1.0, 0.0], 0.0, 97650.89807227095
1s2.2s2.2p3.3d1--5.0D[4.0, 3.0, 2.0, 1.0, 0.0], 4.0, 97650.89807227095
1s2.2s2.2p3.3d1--5.0D[4.0, 3.0, 2.0, 1.0, 0.0], 3.0, 97650.89807227095
1s2.2s2.2p3.3d1--5.0D[4.0, 3.0, 2.0, 1.0, 0.0], 2.0, 97650.89807227095
1s2.2s2.2p3.3d1--5.0D[4.0, 3.0, 2.0, 1.0, 0.0], 1.0, 97650.89807227095
1s2.2s2.2p3.3d1--5.0D[4.0, 3.0, 2.0, 1.0, 0.0], 0.0, 97650.89807227095
1s2.2s2.2p3.3d1--3.0D[3.0, 2.0, 1.0], 3.0, 97650.89807227095
1s2.2s2.2p3.3d1--3.0D[3.0, 2.0, 1.0], 2.0, 97650.89807227095
1s2.2s2.2p3.3d1--3.0D[3.0, 2.0, 1.0], 1.0, 97650.89807227095
1s2.2s2.2p4--3.0P[2.0, 1.0, 0.0], 2.0, 0.0
1s2.2s2.2p4--3.0P[2.0, 1.0, 0.0], 1.0, 158.265
1s2.2s2.2p4--3.0P[2.0, 1.0, 0.0], 0.0, 226.977
1s2.2s2.2p4--1.0D[2.0], 2.0, 15867.862
1s2.2s2.2p4--1.0S[0.0], 0.0, 33792.583
