

~~~~~~~N~~~~~~~
200.0-6000.0    | 
      -6.627592004e+03,
       6.442427918e+01,
       2.296601176e+00,
       2.633432183e-04,
      -1.494592410e-07,
       3.508459705e-11,
      -2.326761526e-15,
       1.595631906e+04,
       1.456829949e+01,
6000.0-12000.0  | 
      -4.403288430e+07,
      -8.046878810e+04,
       7.391970259e+01,
      -2.216281825e-02,
       3.357023654e-06,
      -2.468322727e-10,
       7.117436531e-15,
       5.073374569e+05,
      -5.338732342e+02,
12000.0-22000.0 | 
      -6.419977669e+08,
      -1.522870753e+06,
       1.858282201e+03,
      -4.073116733e-01,
       3.579324352e-05,
      -1.388201332e-09,
       1.981258192e-14,
       6.925671532e+06,
      -1.453806800e+04,
22000.0-50000.0 | 
       1.000000000e+00,
       8.060217377e+06,
      -1.008056010e+03,
       5.096170198e-02,
      -1.285830580e-06,
       1.618439016e-11,
      -8.114422517e-17,
       1.000000000e+00,
       9.629670940e+03,


~~~~~~~N+~~~~~~~
200.0-6000.0    | 
       6.230133087e+03,
      -6.614187685e+00,
       2.510580305e+00,
       4.224608233e-06,
      -1.527315087e-08,
       6.923035823e-12,
      -6.102915638e-16,
       6.923545540e+04,
       1.397651008e+01,
6000.0-24000.0  | 
       3.325175927e+08,
      -1.968994353e+05,
       4.883941765e+01,
      -5.529490516e-03,
       3.629430508e-07,
      -1.242358849e-11,
       1.733384074e-16,
       1.636977904e+06,
      -3.897256905e+02,
24000.0-38000.0 | 
       1.000000000e+00,
      -8.994944188e+06,
       1.101206512e+03,
      -3.701867590e-02,
      -3.110536391e-07,
       3.604441553e-11,
      -4.634278268e-16,
       7.427031068e+07,
      -1.059124629e+04,
38000.0-50000.0 | 
       1.000000000e+00,
      -1.511897898e+01,
      -2.646378961e+03,
       2.276972766e-01,
      -7.197260248e-06,
       9.995231415e-11,
      -5.168542179e-16,
       2.418483716e+07,
       2.293659798e+04,


~~~~~~~O~~~~~~~
200.0-6000.0    | 
       1.073400441e+03,
       5.646628998e+01,
       2.411175204e+00,
       7.725507267e-05,
      -4.044921162e-08,
       1.062233276e-11,
      -8.052501953e-16,
       4.014233934e+04,
       1.506580693e+01,
6000.0-14000.0  | 
      -2.348859035e+07,
       1.399145736e+04,
       1.328524858e+00,
      -8.365099930e-04,
       2.449142773e-07,
      -2.406984252e-11,
       8.272013058e-16,
      -7.390128666e+04,
       2.879556269e+01,
14000.0-25000.0 | 
       1.000000000e+00,
      -1.153388375e+07,
       3.538641871e+03,
      -4.237313077e-01,
       2.466589573e-05,
      -6.932516637e-10,
       7.534426523e-15,
       8.546278357e+07,
      -3.049112730e+04,
25000.0-50000.0 | 
       1.000000000e+00,
      -1.110957610e+06,
       2.949018115e+02,
      -1.977267781e-02,
       5.814178954e-07,
      -7.979621268e-12,
       4.202395873e-17,
       7.922574786e+06,
      -2.636062982e+03,


~~~~~~~O+~~~~~~~
200.0-14000.0   | 
       2.327044739e+04,
      -1.803297121e+02,
       2.861994266e+00,
      -2.184759912e-04,
       3.991897894e-08,
      -1.050828870e-12,
      -2.792387814e-17,
       4.697434989e+05,
       1.205515050e+01,
14000.0-32000.0 | 
       2.705430754e+03,
      -1.396572838e+03,
       1.186456507e+01,
      -1.979258025e-03,
       1.802041004e-07,
      -7.198227248e-12,
       1.050398464e-16,
       4.442971963e+05,
      -5.872878958e+01,
32000.0-50000.0 | 
       1.000000000e+00,
      -2.071139199e+01,
       2.179253792e+03,
      -2.226832713e-01,
       8.356266446e-06,
      -1.358779807e-10,
       8.101737920e-16,
      -1.622982799e+07,
      -1.844501490e+04,
