1s2.2s2.2p3.3s1--5.0S[2.0], 2.0, 73768.2
1s2.2s2.2p3.3s1--3.0S[1.0], 1.0, 76794.978
1s2.2s2.2p3.3p1--5.0P[3.0, 2.0, 1.0], 3.0, 86631.454
1s2.2s2.2p3.3p1--5.0P[3.0, 2.0, 1.0], 2.0, 86627.778
1s2.2s2.2p3.3p1--5.0P[3.0, 2.0, 1.0], 1.0, 86625.757
1s2.2s2.2p3.3p1--3.0P[2.0, 1.0, 0.0], 2.0, 88631.146
1s2.2s2.2p3.3p1--3.0P[2.0, 1.0, 0.0], 1.0, 88630.587
1s2.2s2.2p3.3p1--3.0P[2.0, 1.0, 0.0], 0.0, 88631.303
1s2.2s2.2p3.3d1--5.0D[4.0, 3.0, 2.0, 1.0, 0.0], 4.0, 97420.63
1s2.2s2.2p3.3d1--5.0D[4.0, 3.0, 2.0, 1.0, 0.0], 3.0, 97420.716
1s2.2s2.2p3.3d1--5.0D[4.0, 3.0, 2.0, 1.0, 0.0], 2.0, 97420.839
1s2.2s2.2p3.3d1--5.0D[4.0, 3.0, 2.0, 1.0, 0.0], 1.0, 97420.942
1s2.2s2.2p3.3d1--5.0D[4.0, 3.0, 2.0, 1.0, 0.0], 0.0, 97420.991
1s2.2s2.2p3.3d1--3.0D[3.0, 2.0, 1.0], 3.0, 97488.538
1s2.2s2.2p3.3d1--3.0D[3.0, 2.0, 1.0], 2.0, 97488.448
1s2.2s2.2p3.3d1--3.0D[3.0, 2.0, 1.0], 1.0, 97488.378
1s2.2s2.2p3.4s1--5.0S[2.0], 2.0, 95476.728
1s2.2s2.2p3.4s1--3.0S[1.0], 1.0, 96225.049
1s2.2s2.2p3.4p1--5.0P[3.0, 2.0, 1.0], 3.0, 99094.837
1s2.2s2.2p3.4p1--5.0P[3.0, 2.0, 1.0], 2.0, 99093.641
1s2.2s2.2p3.4p1--5.0P[3.0, 2.0, 1.0], 1.0, 99092.968
1s2.2s2.2p3.4p1--3.0P[2.0, 1.0, 0.0], 2.0, 99681.049
1s2.2s2.2p3.4p1--3.0P[2.0, 1.0, 0.0], 1.0, 99680.968
1s2.2s2.2p3.4p1--3.0P[2.0, 1.0, 0.0], 0.0, 99681.309
1s2.2s2.2p3.4d1--5.0D[4.0, 3.0, 2.0, 1.0, 0.0], 4.0, 102865.506
1s2.2s2.2p3.4d1--5.0D[4.0, 3.0, 2.0, 1.0, 0.0], 3.0, 102865.547
1s2.2s2.2p3.4d1--5.0D[4.0, 3.0, 2.0, 1.0, 0.0], 2.0, 102865.606
1s2.2s2.2p3.4d1--5.0D[4.0, 3.0, 2.0, 1.0, 0.0], 1.0, 102865.655
1s2.2s2.2p3.4d1--5.0D[4.0, 3.0, 2.0, 1.0, 0.0], 0.0, 102865.679
1s2.2s2.2p3.4d1--3.0D[3.0, 2.0, 1.0], 3.0, 102908.374
1s2.2s2.2p3.4d1--3.0D[3.0, 2.0, 1.0], 2.0, 102908.443
1s2.2s2.2p3.4d1--3.0D[3.0, 2.0, 1.0], 1.0, 102908.489
1s2.2s2.2p3.4f1--5.0F[5.0, 4.0, 3.0, 2.0, 1.0], 5.0, 102968.249
1s2.2s2.2p3.4f1--5.0F[5.0, 4.0, 3.0, 2.0, 1.0], 4.0, 102968.249
1s2.2s2.2p3.4f1--5.0F[5.0, 4.0, 3.0, 2.0, 1.0], 3.0, 102968.249
1s2.2s2.2p3.4f1--5.0F[5.0, 4.0, 3.0, 2.0, 1.0], 2.0, 102968.249
1s2.2s2.2p3.4f1--5.0F[5.0, 4.0, 3.0, 2.0, 1.0], 1.0, 102968.249
1s2.2s2.2p3.4f1--3.0F[4.0, 3.0, 2.0], 4.0, 102968.343
1s2.2s2.2p3.4f1--3.0F[4.0, 3.0, 2.0], 3.0, 102968.343
1s2.2s2.2p3.4f1--3.0F[4.0, 3.0, 2.0], 2.0, 102968.343
1s2.2s2.2p3.5s1--5.0S[2.0], 2.0, 102116.698
1s2.2s2.2p3.5s1--3.0S[1.0], 1.0, 102411.995
1s2.2s2.2p3.5p1--5.0P[3.0, 2.0, 1.0], 3.0, 103626.611
1s2.2s2.2p3.5p1--5.0P[3.0, 2.0, 1.0], 2.0, 103626.111
1s2.2s2.2p3.5p1--5.0P[3.0, 2.0, 1.0], 1.0, 103625.754
1s2.2s2.2p3.5p1--3.0P[2.0, 1.0, 0.0], 2.0, 103869.968
1s2.2s2.2p3.5p1--3.0P[2.0, 1.0, 0.0], 1.0, 103870.028
1s2.2s2.2p3.5p1--3.0P[2.0, 1.0, 0.0], 0.0, 103870.252
1s2.2s2.2p3.5d1--5.0D[4.0, 3.0, 2.0, 1.0, 0.0], 4.0, 105385.354
1s2.2s2.2p3.5d1--5.0D[4.0, 3.0, 2.0, 1.0, 0.0], 3.0, 105385.377
1s2.2s2.2p3.5d1--5.0D[4.0, 3.0, 2.0, 1.0, 0.0], 2.0, 105385.409
1s2.2s2.2p3.5d1--5.0D[4.0, 3.0, 2.0, 1.0, 0.0], 1.0, 105385.436
1s2.2s2.2p3.5d1--5.0D[4.0, 3.0, 2.0, 1.0, 0.0], 0.0, 105385.449
1s2.2s2.2p3.5d1--3.0D[3.0, 2.0, 1.0], 3.0, 105409.008
1s2.2s2.2p3.5d1--3.0D[3.0, 2.0, 1.0], 2.0, 105409.008
1s2.2s2.2p3.5d1--3.0D[3.0, 2.0, 1.0], 1.0, 105409.008
1s2.2s2.2p3.5f1--5.0F[5.0, 4.0, 3.0, 2.0, 1.0], 5.0, 105441.645
1s2.2s2.2p3.5f1--5.0F[5.0, 4.0, 3.0, 2.0, 1.0], 4.0, 105441.645
1s2.2s2.2p3.5f1--5.0F[5.0, 4.0, 3.0, 2.0, 1.0], 3.0, 105441.645
1s2.2s2.2p3.5f1--5.0F[5.0, 4.0, 3.0, 2.0, 1.0], 2.0, 105441.645
1s2.2s2.2p3.5f1--5.0F[5.0, 4.0, 3.0, 2.0, 1.0], 1.0, 105441.645
1s2.2s2.2p3.5f1--3.0F[4.0, 3.0, 2.0], 4.0, 105441.724
1s2.2s2.2p3.5f1--3.0F[4.0, 3.0, 2.0], 3.0, 105441.724
1s2.2s2.2p3.5f1--3.0F[4.0, 3.0, 2.0], 2.0, 105441.724
1s2.2s2.2p3.5g1--5.0G[6.0, 5.0, 4.0, 3.0, 2.0], 6.0, 105450.28055898043
1s2.2s2.2p3.5g1--5.0G[6.0, 5.0, 4.0, 3.0, 2.0], 5.0, 105450.28055898043
1s2.2s2.2p3.5g1--5.0G[6.0, 5.0, 4.0, 3.0, 2.0], 4.0, 105450.28055898043
1s2.2s2.2p3.5g1--5.0G[6.0, 5.0, 4.0, 3.0, 2.0], 3.0, 105450.28055898043
1s2.2s2.2p3.5g1--5.0G[6.0, 5.0, 4.0, 3.0, 2.0], 2.0, 105450.28055898043
1s2.2s2.2p3.5g1--3.0G[5.0, 4.0, 3.0], 5.0, 105450.28055898043
1s2.2s2.2p3.5g1--3.0G[5.0, 4.0, 3.0], 4.0, 105450.28055898043
1s2.2s2.2p3.5g1--3.0G[5.0, 4.0, 3.0], 3.0, 105450.28055898043
1s2.2s2.2p3.6s1--5.0S[2.0], 2.0, 105019.307
1s2.2s2.2p3.6s1--3.0S[1.0], 1.0, 105165.232
1s2.2s2.2p3.6p1--5.0P[3.0, 2.0, 1.0], 3.0, 105788.856
1s2.2s2.2p3.6p1--5.0P[3.0, 2.0, 1.0], 2.0, 105788.595
1s2.2s2.2p3.6p1--5.0P[3.0, 2.0, 1.0], 1.0, 105788.431
1s2.2s2.2p3.6p1--3.0P[2.0, 1.0, 0.0], 2.0, 105912.031
1s2.2s2.2p3.6p1--3.0P[2.0, 1.0, 0.0], 1.0, 105912.031
1s2.2s2.2p3.6p1--3.0P[2.0, 1.0, 0.0], 0.0, 105912.031
1s2.2s2.2p3.6d1--5.0D[4.0, 3.0, 2.0, 1.0, 0.0], 4.0, 106751.447
1s2.2s2.2p3.6d1--5.0D[4.0, 3.0, 2.0, 1.0, 0.0], 3.0, 106751.458
1s2.2s2.2p3.6d1--5.0D[4.0, 3.0, 2.0, 1.0, 0.0], 2.0, 106751.474
1s2.2s2.2p3.6d1--5.0D[4.0, 3.0, 2.0, 1.0, 0.0], 1.0, 106751.487
1s2.2s2.2p3.6d1--5.0D[4.0, 3.0, 2.0, 1.0, 0.0], 0.0, 106751.494
1s2.2s2.2p3.6d1--3.0D[3.0, 2.0, 1.0], 3.0, 106765.803
1s2.2s2.2p3.6d1--3.0D[3.0, 2.0, 1.0], 2.0, 106765.803
1s2.2s2.2p3.6d1--3.0D[3.0, 2.0, 1.0], 1.0, 106765.803
1s2.2s2.2p3.6f1--5.0F[5.0, 4.0, 3.0, 2.0, 1.0], 5.0, 106785.16
1s2.2s2.2p3.6f1--5.0F[5.0, 4.0, 3.0, 2.0, 1.0], 4.0, 106785.16
1s2.2s2.2p3.6f1--5.0F[5.0, 4.0, 3.0, 2.0, 1.0], 3.0, 106785.16
1s2.2s2.2p3.6f1--5.0F[5.0, 4.0, 3.0, 2.0, 1.0], 2.0, 106785.16
1s2.2s2.2p3.6f1--5.0F[5.0, 4.0, 3.0, 2.0, 1.0], 1.0, 106785.16
1s2.2s2.2p3.6f1--3.0F[4.0, 3.0, 2.0], 4.0, 106785.201
1s2.2s2.2p3.6f1--3.0F[4.0, 3.0, 2.0], 3.0, 106785.201
1s2.2s2.2p3.6f1--3.0F[4.0, 3.0, 2.0], 2.0, 106785.201
1s2.2s2.2p3.6g1--5.0G[6.0, 5.0, 4.0, 3.0, 2.0], 6.0, 106787.903
1s2.2s2.2p3.6g1--5.0G[6.0, 5.0, 4.0, 3.0, 2.0], 5.0, 106787.903
1s2.2s2.2p3.6g1--5.0G[6.0, 5.0, 4.0, 3.0, 2.0], 4.0, 106787.903
1s2.2s2.2p3.6g1--5.0G[6.0, 5.0, 4.0, 3.0, 2.0], 3.0, 106787.903
1s2.2s2.2p3.6g1--5.0G[6.0, 5.0, 4.0, 3.0, 2.0], 2.0, 106787.903
1s2.2s2.2p3.6g1--3.0G[5.0, 4.0, 3.0], 5.0, 106787.903
1s2.2s2.2p3.6g1--3.0G[5.0, 4.0, 3.0], 4.0, 106787.903
1s2.2s2.2p3.6g1--3.0G[5.0, 4.0, 3.0], 3.0, 106787.903
1s2.2s2.2p3.6h1--5.0H[7.0, 6.0, 5.0, 4.0, 3.0], 7.0, 106790.79942388363
1s2.2s2.2p3.6h1--5.0H[7.0, 6.0, 5.0, 4.0, 3.0], 6.0, 106790.79942388363
1s2.2s2.2p3.6h1--5.0H[7.0, 6.0, 5.0, 4.0, 3.0], 5.0, 106790.79942388363
1s2.2s2.2p3.6h1--5.0H[7.0, 6.0, 5.0, 4.0, 3.0], 4.0, 106790.79942388363
1s2.2s2.2p3.6h1--5.0H[7.0, 6.0, 5.0, 4.0, 3.0], 3.0, 106790.79942388363
1s2.2s2.2p3.6h1--3.0H[6.0, 5.0, 4.0], 6.0, 106790.79942388363
1s2.2s2.2p3.6h1--3.0H[6.0, 5.0, 4.0], 5.0, 106790.79942388363
1s2.2s2.2p3.6h1--3.0H[6.0, 5.0, 4.0], 4.0, 106790.79942388363
1s2.2s2.2p3.7s1--5.0S[2.0], 2.0, 106545.354
1s2.2s2.2p3.7s1--3.0S[1.0], 1.0, 106627.934
1s2.2s2.2p3.7p1--5.0P[3.0, 2.0, 1.0], 3.0, 107599.09001960448
1s2.2s2.2p3.7p1--5.0P[3.0, 2.0, 1.0], 2.0, 107599.09001960448
1s2.2s2.2p3.7p1--5.0P[3.0, 2.0, 1.0], 1.0, 107599.09001960448
1s2.2s2.2p3.7p1--3.0P[2.0, 1.0, 0.0], 2.0, 107599.09001960448
1s2.2s2.2p3.7p1--3.0P[2.0, 1.0, 0.0], 1.0, 107599.09001960448
1s2.2s2.2p3.7p1--3.0P[2.0, 1.0, 0.0], 0.0, 107599.09001960448
1s2.2s2.2p3.7d1--5.0D[4.0, 3.0, 2.0, 1.0, 0.0], 4.0, 107573.476
1s2.2s2.2p3.7d1--5.0D[4.0, 3.0, 2.0, 1.0, 0.0], 3.0, 107573.484
1s2.2s2.2p3.7d1--5.0D[4.0, 3.0, 2.0, 1.0, 0.0], 2.0, 107573.495
1s2.2s2.2p3.7d1--5.0D[4.0, 3.0, 2.0, 1.0, 0.0], 1.0, 107573.504
1s2.2s2.2p3.7d1--5.0D[4.0, 3.0, 2.0, 1.0, 0.0], 0.0, 107573.508
1s2.2s2.2p3.7d1--3.0D[3.0, 2.0, 1.0], 3.0, 107582.777
1s2.2s2.2p3.7d1--3.0D[3.0, 2.0, 1.0], 2.0, 107582.777
1s2.2s2.2p3.7d1--3.0D[3.0, 2.0, 1.0], 1.0, 107582.777
1s2.2s2.2p3.7f1--5.0F[5.0, 4.0, 3.0, 2.0, 1.0], 5.0, 107595.14
1s2.2s2.2p3.7f1--5.0F[5.0, 4.0, 3.0, 2.0, 1.0], 4.0, 107595.14
1s2.2s2.2p3.7f1--5.0F[5.0, 4.0, 3.0, 2.0, 1.0], 3.0, 107595.14
1s2.2s2.2p3.7f1--5.0F[5.0, 4.0, 3.0, 2.0, 1.0], 2.0, 107595.14
1s2.2s2.2p3.7f1--5.0F[5.0, 4.0, 3.0, 2.0, 1.0], 1.0, 107595.14
1s2.2s2.2p3.7f1--3.0F[4.0, 3.0, 2.0], 4.0, 107595.147
1s2.2s2.2p3.7f1--3.0F[4.0, 3.0, 2.0], 3.0, 107595.147
1s2.2s2.2p3.7f1--3.0F[4.0, 3.0, 2.0], 2.0, 107595.147
1s2.2s2.2p3.7g1--5.0G[6.0, 5.0, 4.0, 3.0, 2.0], 6.0, 107599.09001960448
1s2.2s2.2p3.7g1--5.0G[6.0, 5.0, 4.0, 3.0, 2.0], 5.0, 107599.09001960448
1s2.2s2.2p3.7g1--5.0G[6.0, 5.0, 4.0, 3.0, 2.0], 4.0, 107599.09001960448
1s2.2s2.2p3.7g1--5.0G[6.0, 5.0, 4.0, 3.0, 2.0], 3.0, 107599.09001960448
1s2.2s2.2p3.7g1--5.0G[6.0, 5.0, 4.0, 3.0, 2.0], 2.0, 107599.09001960448
1s2.2s2.2p3.7g1--3.0G[5.0, 4.0, 3.0], 5.0, 107599.09001960448
1s2.2s2.2p3.7g1--3.0G[5.0, 4.0, 3.0], 4.0, 107599.09001960448
1s2.2s2.2p3.7g1--3.0G[5.0, 4.0, 3.0], 3.0, 107599.09001960448
1s2.2s2.2p3.7h1--5.0H[7.0, 6.0, 5.0, 4.0, 3.0], 7.0, 107599.09001960448
1s2.2s2.2p3.7h1--5.0H[7.0, 6.0, 5.0, 4.0, 3.0], 6.0, 107599.09001960448
1s2.2s2.2p3.7h1--5.0H[7.0, 6.0, 5.0, 4.0, 3.0], 5.0, 107599.09001960448
1s2.2s2.2p3.7h1--5.0H[7.0, 6.0, 5.0, 4.0, 3.0], 4.0, 107599.09001960448
1s2.2s2.2p3.7h1--5.0H[7.0, 6.0, 5.0, 4.0, 3.0], 3.0, 107599.09001960448
1s2.2s2.2p3.7h1--3.0H[6.0, 5.0, 4.0], 6.0, 107599.09001960448
1s2.2s2.2p3.7h1--3.0H[6.0, 5.0, 4.0], 5.0, 107599.09001960448
1s2.2s2.2p3.7h1--3.0H[6.0, 5.0, 4.0], 4.0, 107599.09001960448
1s2.2s2.2p3.7i1--5.0I[8.0, 7.0, 6.0, 5.0, 4.0], 8.0, 107599.09001960448
1s2.2s2.2p3.7i1--5.0I[8.0, 7.0, 6.0, 5.0, 4.0], 7.0, 107599.09001960448
1s2.2s2.2p3.7i1--5.0I[8.0, 7.0, 6.0, 5.0, 4.0], 6.0, 107599.09001960448
1s2.2s2.2p3.7i1--5.0I[8.0, 7.0, 6.0, 5.0, 4.0], 5.0, 107599.09001960448
1s2.2s2.2p3.7i1--5.0I[8.0, 7.0, 6.0, 5.0, 4.0], 4.0, 107599.09001960448
1s2.2s2.2p3.7i1--3.0I[7.0, 6.0, 5.0], 7.0, 107599.09001960448
1s2.2s2.2p3.7i1--3.0I[7.0, 6.0, 5.0], 6.0, 107599.09001960448
1s2.2s2.2p3.7i1--3.0I[7.0, 6.0, 5.0], 5.0, 107599.09001960448
1s2.2s2.2p3.8s1--5.0S[2.0], 2.0, 107446.036
1s2.2s2.2p3.8s1--3.0S[1.0], 1.0, 107497.224
1s2.2s2.2p3.8p1--5.0P[3.0, 2.0, 1.0], 3.0, 108123.70170432715
1s2.2s2.2p3.8p1--5.0P[3.0, 2.0, 1.0], 2.0, 108123.70170432715
1s2.2s2.2p3.8p1--5.0P[3.0, 2.0, 1.0], 1.0, 108123.70170432715
1s2.2s2.2p3.8p1--3.0P[2.0, 1.0, 0.0], 2.0, 108123.70170432715
1s2.2s2.2p3.8p1--3.0P[2.0, 1.0, 0.0], 1.0, 108123.70170432715
1s2.2s2.2p3.8p1--3.0P[2.0, 1.0, 0.0], 0.0, 108123.70170432715
1s2.2s2.2p3.8d1--5.0D[4.0, 3.0, 2.0, 1.0, 0.0], 4.0, 108106.072
1s2.2s2.2p3.8d1--5.0D[4.0, 3.0, 2.0, 1.0, 0.0], 3.0, 108106.077
1s2.2s2.2p3.8d1--5.0D[4.0, 3.0, 2.0, 1.0, 0.0], 2.0, 108106.085
1s2.2s2.2p3.8d1--5.0D[4.0, 3.0, 2.0, 1.0, 0.0], 1.0, 108106.091
1s2.2s2.2p3.8d1--5.0D[4.0, 3.0, 2.0, 1.0, 0.0], 0.0, 108106.094
1s2.2s2.2p3.8d1--3.0D[3.0, 2.0, 1.0], 3.0, 108114.0
1s2.2s2.2p3.8d1--3.0D[3.0, 2.0, 1.0], 2.0, 108114.0
1s2.2s2.2p3.8d1--3.0D[3.0, 2.0, 1.0], 1.0, 108114.0
1s2.2s2.2p3.8f1--5.0F[5.0, 4.0, 3.0, 2.0, 1.0], 5.0, 108123.70170432715
1s2.2s2.2p3.8f1--5.0F[5.0, 4.0, 3.0, 2.0, 1.0], 4.0, 108123.70170432715
1s2.2s2.2p3.8f1--5.0F[5.0, 4.0, 3.0, 2.0, 1.0], 3.0, 108123.70170432715
1s2.2s2.2p3.8f1--5.0F[5.0, 4.0, 3.0, 2.0, 1.0], 2.0, 108123.70170432715
1s2.2s2.2p3.8f1--5.0F[5.0, 4.0, 3.0, 2.0, 1.0], 1.0, 108123.70170432715
1s2.2s2.2p3.8f1--3.0F[4.0, 3.0, 2.0], 4.0, 108123.70170432715
1s2.2s2.2p3.8f1--3.0F[4.0, 3.0, 2.0], 3.0, 108123.70170432715
1s2.2s2.2p3.8f1--3.0F[4.0, 3.0, 2.0], 2.0, 108123.70170432715
1s2.2s2.2p3.8g1--5.0G[6.0, 5.0, 4.0, 3.0, 2.0], 6.0, 108123.70170432715
1s2.2s2.2p3.8g1--5.0G[6.0, 5.0, 4.0, 3.0, 2.0], 5.0, 108123.70170432715
1s2.2s2.2p3.8g1--5.0G[6.0, 5.0, 4.0, 3.0, 2.0], 4.0, 108123.70170432715
1s2.2s2.2p3.8g1--5.0G[6.0, 5.0, 4.0, 3.0, 2.0], 3.0, 108123.70170432715
1s2.2s2.2p3.8g1--5.0G[6.0, 5.0, 4.0, 3.0, 2.0], 2.0, 108123.70170432715
1s2.2s2.2p3.8g1--3.0G[5.0, 4.0, 3.0], 5.0, 108123.70170432715
1s2.2s2.2p3.8g1--3.0G[5.0, 4.0, 3.0], 4.0, 108123.70170432715
1s2.2s2.2p3.8g1--3.0G[5.0, 4.0, 3.0], 3.0, 108123.70170432715
1s2.2s2.2p3.8h1--5.0H[7.0, 6.0, 5.0, 4.0, 3.0], 7.0, 108123.70170432715
1s2.2s2.2p3.8h1--5.0H[7.0, 6.0, 5.0, 4.0, 3.0], 6.0, 108123.70170432715
1s2.2s2.2p3.8h1--5.0H[7.0, 6.0, 5.0, 4.0, 3.0], 5.0, 108123.70170432715
1s2.2s2.2p3.8h1--5.0H[7.0, 6.0, 5.0, 4.0, 3.0], 4.0, 108123.70170432715
1s2.2s2.2p3.8h1--5.0H[7.0, 6.0, 5.0, 4.0, 3.0], 3.0, 108123.70170432715
1s2.2s2.2p3.8h1--3.0H[6.0, 5.0, 4.0], 6.0, 108123.70170432715
1s2.2s2.2p3.8h1--3.0H[6.0, 5.0, 4.0], 5.0, 108123.70170432715
1s2.2s2.2p3.8h1--3.0H[6.0, 5.0, 4.0], 4.0, 108123.70170432715
1s2.2s2.2p3.8i1--5.0I[8.0, 7.0, 6.0, 5.0, 4.0], 8.0, 108123.70170432715
1s2.2s2.2p3.8i1--5.0I[8.0, 7.0, 6.0, 5.0, 4.0], 7.0, 108123.70170432715
1s2.2s2.2p3.8i1--5.0I[8.0, 7.0, 6.0, 5.0, 4.0], 6.0, 108123.70170432715
1s2.2s2.2p3.8i1--5.0I[8.0, 7.0, 6.0, 5.0, 4.0], 5.0, 108123.70170432715
1s2.2s2.2p3.8i1--5.0I[8.0, 7.0, 6.0, 5.0, 4.0], 4.0, 108123.70170432715
1s2.2s2.2p3.8i1--3.0I[7.0, 6.0, 5.0], 7.0, 108123.70170432715
1s2.2s2.2p3.8i1--3.0I[7.0, 6.0, 5.0], 6.0, 108123.70170432715
1s2.2s2.2p3.8i1--3.0I[7.0, 6.0, 5.0], 5.0, 108123.70170432715
1s2.2s2.2p3.8j1--5.0J[9.0, 8.0, 7.0, 6.0, 5.0], 9.0, 108123.70170432715
1s2.2s2.2p3.8j1--5.0J[9.0, 8.0, 7.0, 6.0, 5.0], 8.0, 108123.70170432715
1s2.2s2.2p3.8j1--5.0J[9.0, 8.0, 7.0, 6.0, 5.0], 7.0, 108123.70170432715
1s2.2s2.2p3.8j1--5.0J[9.0, 8.0, 7.0, 6.0, 5.0], 6.0, 108123.70170432715
1s2.2s2.2p3.8j1--5.0J[9.0, 8.0, 7.0, 6.0, 5.0], 5.0, 108123.70170432715
1s2.2s2.2p3.8j1--3.0J[8.0, 7.0, 6.0], 8.0, 108123.70170432715
1s2.2s2.2p3.8j1--3.0J[8.0, 7.0, 6.0], 7.0, 108123.70170432715
1s2.2s2.2p3.8j1--3.0J[8.0, 7.0, 6.0], 6.0, 108123.70170432715
1s2.2s2.2p3.9s1--5.0S[2.0], 2.0, 108021.4
1s2.2s2.2p3.9s1--3.0S[1.0], 1.0, 108056.0
1s2.2s2.2p3.9p1--5.0P[3.0, 2.0, 1.0], 3.0, 108483.37374825634
1s2.2s2.2p3.9p1--5.0P[3.0, 2.0, 1.0], 2.0, 108483.37374825634
1s2.2s2.2p3.9p1--5.0P[3.0, 2.0, 1.0], 1.0, 108483.37374825634
1s2.2s2.2p3.9p1--3.0P[2.0, 1.0, 0.0], 2.0, 108483.37374825634
1s2.2s2.2p3.9p1--3.0P[2.0, 1.0, 0.0], 1.0, 108483.37374825634
1s2.2s2.2p3.9p1--3.0P[2.0, 1.0, 0.0], 0.0, 108483.37374825634
1s2.2s2.2p3.9d1--5.0D[4.0, 3.0, 2.0, 1.0, 0.0], 4.0, 108470.23
1s2.2s2.2p3.9d1--5.0D[4.0, 3.0, 2.0, 1.0, 0.0], 3.0, 108470.23
1s2.2s2.2p3.9d1--5.0D[4.0, 3.0, 2.0, 1.0, 0.0], 2.0, 108470.23
1s2.2s2.2p3.9d1--5.0D[4.0, 3.0, 2.0, 1.0, 0.0], 1.0, 108470.23
1s2.2s2.2p3.9d1--5.0D[4.0, 3.0, 2.0, 1.0, 0.0], 0.0, 108470.23
1s2.2s2.2p3.9d1--3.0D[3.0, 2.0, 1.0], 3.0, 108476.7
1s2.2s2.2p3.9d1--3.0D[3.0, 2.0, 1.0], 2.0, 108476.7
1s2.2s2.2p3.9d1--3.0D[3.0, 2.0, 1.0], 1.0, 108476.7
1s2.2s2.2p3.9f1--5.0F[5.0, 4.0, 3.0, 2.0, 1.0], 5.0, 108483.37374825634
1s2.2s2.2p3.9f1--5.0F[5.0, 4.0, 3.0, 2.0, 1.0], 4.0, 108483.37374825634
1s2.2s2.2p3.9f1--5.0F[5.0, 4.0, 3.0, 2.0, 1.0], 3.0, 108483.37374825634
1s2.2s2.2p3.9f1--5.0F[5.0, 4.0, 3.0, 2.0, 1.0], 2.0, 108483.37374825634
1s2.2s2.2p3.9f1--5.0F[5.0, 4.0, 3.0, 2.0, 1.0], 1.0, 108483.37374825634
1s2.2s2.2p3.9f1--3.0F[4.0, 3.0, 2.0], 4.0, 108483.37374825634
1s2.2s2.2p3.9f1--3.0F[4.0, 3.0, 2.0], 3.0, 108483.37374825634
1s2.2s2.2p3.9f1--3.0F[4.0, 3.0, 2.0], 2.0, 108483.37374825634
1s2.2s2.2p3.9g1--5.0G[6.0, 5.0, 4.0, 3.0, 2.0], 6.0, 108483.37374825634
1s2.2s2.2p3.9g1--5.0G[6.0, 5.0, 4.0, 3.0, 2.0], 5.0, 108483.37374825634
1s2.2s2.2p3.9g1--5.0G[6.0, 5.0, 4.0, 3.0, 2.0], 4.0, 108483.37374825634
1s2.2s2.2p3.9g1--5.0G[6.0, 5.0, 4.0, 3.0, 2.0], 3.0, 108483.37374825634
1s2.2s2.2p3.9g1--5.0G[6.0, 5.0, 4.0, 3.0, 2.0], 2.0, 108483.37374825634
1s2.2s2.2p3.9g1--3.0G[5.0, 4.0, 3.0], 5.0, 108483.37374825634
1s2.2s2.2p3.9g1--3.0G[5.0, 4.0, 3.0], 4.0, 108483.37374825634
1s2.2s2.2p3.9g1--3.0G[5.0, 4.0, 3.0], 3.0, 108483.37374825634
1s2.2s2.2p3.9h1--5.0H[7.0, 6.0, 5.0, 4.0, 3.0], 7.0, 108483.37374825634
1s2.2s2.2p3.9h1--5.0H[7.0, 6.0, 5.0, 4.0, 3.0], 6.0, 108483.37374825634
1s2.2s2.2p3.9h1--5.0H[7.0, 6.0, 5.0, 4.0, 3.0], 5.0, 108483.37374825634
1s2.2s2.2p3.9h1--5.0H[7.0, 6.0, 5.0, 4.0, 3.0], 4.0, 108483.37374825634
1s2.2s2.2p3.9h1--5.0H[7.0, 6.0, 5.0, 4.0, 3.0], 3.0, 108483.37374825634
1s2.2s2.2p3.9h1--3.0H[6.0, 5.0, 4.0], 6.0, 108483.37374825634
1s2.2s2.2p3.9h1--3.0H[6.0, 5.0, 4.0], 5.0, 108483.37374825634
1s2.2s2.2p3.9h1--3.0H[6.0, 5.0, 4.0], 4.0, 108483.37374825634
1s2.2s2.2p3.9i1--5.0I[8.0, 7.0, 6.0, 5.0, 4.0], 8.0, 108483.37374825634
1s2.2s2.2p3.9i1--5.0I[8.0, 7.0, 6.0, 5.0, 4.0], 7.0, 108483.37374825634
1s2.2s2.2p3.9i1--5.0I[8.0, 7.0, 6.0, 5.0, 4.0], 6.0, 108483.37374825634
1s2.2s2.2p3.9i1--5.0I[8.0, 7.0, 6.0, 5.0, 4.0], 5.0, 108483.37374825634
1s2.2s2.2p3.9i1--5.0I[8.0, 7.0, 6.0, 5.0, 4.0], 4.0, 108483.37374825634
1s2.2s2.2p3.9i1--3.0I[7.0, 6.0, 5.0], 7.0, 108483.37374825634
1s2.2s2.2p3.9i1--3.0I[7.0, 6.0, 5.0], 6.0, 108483.37374825634
1s2.2s2.2p3.9i1--3.0I[7.0, 6.0, 5.0], 5.0, 108483.37374825634
1s2.2s2.2p3.9j1--5.0J[9.0, 8.0, 7.0, 6.0, 5.0], 9.0, 108483.37374825634
1s2.2s2.2p3.9j1--5.0J[9.0, 8.0, 7.0, 6.0, 5.0], 8.0, 108483.37374825634
1s2.2s2.2p3.9j1--5.0J[9.0, 8.0, 7.0, 6.0, 5.0], 7.0, 108483.37374825634
1s2.2s2.2p3.9j1--5.0J[9.0, 8.0, 7.0, 6.0, 5.0], 6.0, 108483.37374825634
1s2.2s2.2p3.9j1--5.0J[9.0, 8.0, 7.0, 6.0, 5.0], 5.0, 108483.37374825634
1s2.2s2.2p3.9j1--3.0J[8.0, 7.0, 6.0], 8.0, 108483.37374825634
1s2.2s2.2p3.9j1--3.0J[8.0, 7.0, 6.0], 7.0, 108483.37374825634
1s2.2s2.2p3.9j1--3.0J[8.0, 7.0, 6.0], 6.0, 108483.37374825634
1s2.2s2.2p3.9k1--5.0K[10.0, 9.0, 8.0, 7.0, 6.0], 10.0, 108483.37374825634
1s2.2s2.2p3.9k1--5.0K[10.0, 9.0, 8.0, 7.0, 6.0], 9.0, 108483.37374825634
1s2.2s2.2p3.9k1--5.0K[10.0, 9.0, 8.0, 7.0, 6.0], 8.0, 108483.37374825634
1s2.2s2.2p3.9k1--5.0K[10.0, 9.0, 8.0, 7.0, 6.0], 7.0, 108483.37374825634
1s2.2s2.2p3.9k1--5.0K[10.0, 9.0, 8.0, 7.0, 6.0], 6.0, 108483.37374825634
1s2.2s2.2p3.9k1--3.0K[9.0, 8.0, 7.0], 9.0, 108483.37374825634
1s2.2s2.2p3.9k1--3.0K[9.0, 8.0, 7.0], 8.0, 108483.37374825634
1s2.2s2.2p3.9k1--3.0K[9.0, 8.0, 7.0], 7.0, 108483.37374825634
1s2.2s2.2p3.10s1--5.0S[2.0], 2.0, 108412.0
1s2.2s2.2p3.10s1--3.0S[1.0], 1.0, 108436.3
1s2.2s2.2p3.10p1--5.0P[3.0, 2.0, 1.0], 3.0, 108740.645045561
1s2.2s2.2p3.10p1--5.0P[3.0, 2.0, 1.0], 2.0, 108740.645045561
1s2.2s2.2p3.10p1--5.0P[3.0, 2.0, 1.0], 1.0, 108740.645045561
1s2.2s2.2p3.10p1--3.0P[2.0, 1.0, 0.0], 2.0, 108740.645045561
1s2.2s2.2p3.10p1--3.0P[2.0, 1.0, 0.0], 1.0, 108740.645045561
1s2.2s2.2p3.10p1--3.0P[2.0, 1.0, 0.0], 0.0, 108740.645045561
1s2.2s2.2p3.10d1--5.0D[4.0, 3.0, 2.0, 1.0, 0.0], 4.0, 108731.53
1s2.2s2.2p3.10d1--5.0D[4.0, 3.0, 2.0, 1.0, 0.0], 3.0, 108731.53
1s2.2s2.2p3.10d1--5.0D[4.0, 3.0, 2.0, 1.0, 0.0], 2.0, 108731.53
1s2.2s2.2p3.10d1--5.0D[4.0, 3.0, 2.0, 1.0, 0.0], 1.0, 108731.53
1s2.2s2.2p3.10d1--5.0D[4.0, 3.0, 2.0, 1.0, 0.0], 0.0, 108731.53
1s2.2s2.2p3.10d1--3.0D[3.0, 2.0, 1.0], 3.0, 108736.1
1s2.2s2.2p3.10d1--3.0D[3.0, 2.0, 1.0], 2.0, 108736.1
1s2.2s2.2p3.10d1--3.0D[3.0, 2.0, 1.0], 1.0, 108736.1
1s2.2s2.2p3.10f1--5.0F[5.0, 4.0, 3.0, 2.0, 1.0], 5.0, 108740.645045561
1s2.2s2.2p3.10f1--5.0F[5.0, 4.0, 3.0, 2.0, 1.0], 4.0, 108740.645045561
1s2.2s2.2p3.10f1--5.0F[5.0, 4.0, 3.0, 2.0, 1.0], 3.0, 108740.645045561
1s2.2s2.2p3.10f1--5.0F[5.0, 4.0, 3.0, 2.0, 1.0], 2.0, 108740.645045561
1s2.2s2.2p3.10f1--5.0F[5.0, 4.0, 3.0, 2.0, 1.0], 1.0, 108740.645045561
1s2.2s2.2p3.10f1--3.0F[4.0, 3.0, 2.0], 4.0, 108740.645045561
1s2.2s2.2p3.10f1--3.0F[4.0, 3.0, 2.0], 3.0, 108740.645045561
1s2.2s2.2p3.10f1--3.0F[4.0, 3.0, 2.0], 2.0, 108740.645045561
1s2.2s2.2p3.10g1--5.0G[6.0, 5.0, 4.0, 3.0, 2.0], 6.0, 108740.645045561
1s2.2s2.2p3.10g1--5.0G[6.0, 5.0, 4.0, 3.0, 2.0], 5.0, 108740.645045561
1s2.2s2.2p3.10g1--5.0G[6.0, 5.0, 4.0, 3.0, 2.0], 4.0, 108740.645045561
1s2.2s2.2p3.10g1--5.0G[6.0, 5.0, 4.0, 3.0, 2.0], 3.0, 108740.645045561
1s2.2s2.2p3.10g1--5.0G[6.0, 5.0, 4.0, 3.0, 2.0], 2.0, 108740.645045561
1s2.2s2.2p3.10g1--3.0G[5.0, 4.0, 3.0], 5.0, 108740.645045561
1s2.2s2.2p3.10g1--3.0G[5.0, 4.0, 3.0], 4.0, 108740.645045561
1s2.2s2.2p3.10g1--3.0G[5.0, 4.0, 3.0], 3.0, 108740.645045561
1s2.2s2.2p3.10h1--5.0H[7.0, 6.0, 5.0, 4.0, 3.0], 7.0, 108740.645045561
1s2.2s2.2p3.10h1--5.0H[7.0, 6.0, 5.0, 4.0, 3.0], 6.0, 108740.645045561
1s2.2s2.2p3.10h1--5.0H[7.0, 6.0, 5.0, 4.0, 3.0], 5.0, 108740.645045561
1s2.2s2.2p3.10h1--5.0H[7.0, 6.0, 5.0, 4.0, 3.0], 4.0, 108740.645045561
1s2.2s2.2p3.10h1--5.0H[7.0, 6.0, 5.0, 4.0, 3.0], 3.0, 108740.645045561
1s2.2s2.2p3.10h1--3.0H[6.0, 5.0, 4.0], 6.0, 108740.645045561
1s2.2s2.2p3.10h1--3.0H[6.0, 5.0, 4.0], 5.0, 108740.645045561
1s2.2s2.2p3.10h1--3.0H[6.0, 5.0, 4.0], 4.0, 108740.645045561
1s2.2s2.2p3.10i1--5.0I[8.0, 7.0, 6.0, 5.0, 4.0], 8.0, 108740.645045561
1s2.2s2.2p3.10i1--5.0I[8.0, 7.0, 6.0, 5.0, 4.0], 7.0, 108740.645045561
1s2.2s2.2p3.10i1--5.0I[8.0, 7.0, 6.0, 5.0, 4.0], 6.0, 108740.645045561
1s2.2s2.2p3.10i1--5.0I[8.0, 7.0, 6.0, 5.0, 4.0], 5.0, 108740.645045561
1s2.2s2.2p3.10i1--5.0I[8.0, 7.0, 6.0, 5.0, 4.0], 4.0, 108740.645045561
1s2.2s2.2p3.10i1--3.0I[7.0, 6.0, 5.0], 7.0, 108740.645045561
1s2.2s2.2p3.10i1--3.0I[7.0, 6.0, 5.0], 6.0, 108740.645045561
1s2.2s2.2p3.10i1--3.0I[7.0, 6.0, 5.0], 5.0, 108740.645045561
1s2.2s2.2p3.10j1--5.0J[9.0, 8.0, 7.0, 6.0, 5.0], 9.0, 108740.645045561
1s2.2s2.2p3.10j1--5.0J[9.0, 8.0, 7.0, 6.0, 5.0], 8.0, 108740.645045561
1s2.2s2.2p3.10j1--5.0J[9.0, 8.0, 7.0, 6.0, 5.0], 7.0, 108740.645045561
1s2.2s2.2p3.10j1--5.0J[9.0, 8.0, 7.0, 6.0, 5.0], 6.0, 108740.645045561
1s2.2s2.2p3.10j1--5.0J[9.0, 8.0, 7.0, 6.0, 5.0], 5.0, 108740.645045561
1s2.2s2.2p3.10j1--3.0J[8.0, 7.0, 6.0], 8.0, 108740.645045561
1s2.2s2.2p3.10j1--3.0J[8.0, 7.0, 6.0], 7.0, 108740.645045561
1s2.2s2.2p3.10j1--3.0J[8.0, 7.0, 6.0], 6.0, 108740.645045561
1s2.2s2.2p3.10k1--5.0K[10.0, 9.0, 8.0, 7.0, 6.0], 10.0, 108740.645045561
1s2.2s2.2p3.10k1--5.0K[10.0, 9.0, 8.0, 7.0, 6.0], 9.0, 108740.645045561
1s2.2s2.2p3.10k1--5.0K[10.0, 9.0, 8.0, 7.0, 6.0], 8.0, 108740.645045561
1s2.2s2.2p3.10k1--5.0K[10.0, 9.0, 8.0, 7.0, 6.0], 7.0, 108740.645045561
1s2.2s2.2p3.10k1--5.0K[10.0, 9.0, 8.0, 7.0, 6.0], 6.0, 108740.645045561
1s2.2s2.2p3.10k1--3.0K[9.0, 8.0, 7.0], 9.0, 108740.645045561
1s2.2s2.2p3.10k1--3.0K[9.0, 8.0, 7.0], 8.0, 108740.645045561
1s2.2s2.2p3.10k1--3.0K[9.0, 8.0, 7.0], 7.0, 108740.645045561
1s2.2s2.2p3.10l1--5.0L[11.0, 10.0, 9.0, 8.0, 7.0], 11.0, 108740.645045561
1s2.2s2.2p3.10l1--5.0L[11.0, 10.0, 9.0, 8.0, 7.0], 10.0, 108740.645045561
1s2.2s2.2p3.10l1--5.0L[11.0, 10.0, 9.0, 8.0, 7.0], 9.0, 108740.645045561
1s2.2s2.2p3.10l1--5.0L[11.0, 10.0, 9.0, 8.0, 7.0], 8.0, 108740.645045561
1s2.2s2.2p3.10l1--5.0L[11.0, 10.0, 9.0, 8.0, 7.0], 7.0, 108740.645045561
1s2.2s2.2p3.10l1--3.0L[10.0, 9.0, 8.0], 10.0, 108740.645045561
1s2.2s2.2p3.10l1--3.0L[10.0, 9.0, 8.0], 9.0, 108740.645045561
1s2.2s2.2p3.10l1--3.0L[10.0, 9.0, 8.0], 8.0, 108740.645045561
1s2.2s2.2p4--3.0S[1.0], 1.0, 82417.72915291648
1s2.2s2.2p4--1.0S[0.0], 0.0, 33792.583
1s2.2s2.2p4--3.0P[2.0, 1.0, 0.0], 2.0, 0.0
1s2.2s2.2p4--3.0P[2.0, 1.0, 0.0], 1.0, 158.265
1s2.2s2.2p4--3.0P[2.0, 1.0, 0.0], 0.0, 226.977
1s2.2s2.2p4--1.0P[1.0], 1.0, 82417.72915291648
