pR2.5e-5-u10.0 | 30   6.350000000000e-03   5.000000000000e-01
pR2.5e-5-u10.0 | 60   6.350000000000e-03   5.000000000000e-01
pR2.5e-5-u10.0 | 120   6.350000000000e-03   5.000000000000e-01
pR1.0e-4-u2.5 | 30   7.566892631538e-04   5.958183174439e-02
pR1.0e-4-u2.5 | 60   7.561393470839e-04   5.953853126645e-02
pR1.0e-4-u2.5 | 120   7.559451034424e-04   5.952323649153e-02
pR1.0e-4-u2.0 | 30   8.331060525803e-04   6.559890177798e-02
pR1.0e-4-u2.0 | 60   8.339481596431e-04   6.566520942072e-02
pR1.0e-4-u2.0 | 120   8.337138828820e-04   6.564676243165e-02
pR1.0e-4-u3.0 | 30   7.099144137038e-04   5.589877273258e-02
pR1.0e-4-u3.0 | 60   7.076273503746e-04   5.571868900587e-02
pR1.0e-4-u3.0 | 120   7.075863509206e-04   5.571546070241e-02
pR2.5e-5-u5.0 | 30   5.522526402589e-04   4.348445986291e-02
pR2.5e-5-u5.0 | 60   5.474582097101e-04   4.310694564647e-02
pR2.5e-5-u5.0 | 120   5.475552401214e-04   4.311458583633e-02
pR2.5e-5-u6.0 | 30   4.860329819626e-04   3.827031354036e-02
pR2.5e-5-u6.0 | 60   4.840137029355e-04   3.811131519177e-02
pR2.5e-5-u6.0 | 120   4.837028469850e-04   3.808683834527e-02
pR1.0e-4-u9.0 | 30   3.488832562969e-04   2.747112254306e-02
pR1.0e-4-u9.0 | 60   3.448813814969e-04   2.715601429110e-02
pR1.0e-4-u9.0 | 120   3.444096944766e-04   2.711887358084e-02
pR1.0e-4-u9.5 | 30   6.350000000000e-03   5.000000000000e-01
pR1.0e-4-u9.5 | 60   6.350000000000e-03   5.000000000000e-01
pR1.0e-4-u9.5 | 120   6.350000000000e-03   5.000000000000e-01
pR2.5e-5-u4.0 | 30   6.328837085695e-04   4.983336287949e-02
pR2.5e-5-u4.0 | 60   6.288720766536e-04   4.951748635068e-02
pR2.5e-5-u4.0 | 120   6.288521345078e-04   4.951591610298e-02
pR2.5e-5-u6.5 | 30   4.529842170106e-04   3.566804858351e-02
pR2.5e-5-u6.5 | 60   4.514005315299e-04   3.554334893936e-02
pR2.5e-5-u6.5 | 120   4.508607145459e-04   3.550084366503e-02
pR1.0e-4-u5.5 | 30   4.838026859758e-04   3.809469968313e-02
pR1.0e-4-u5.5 | 60   4.786905085124e-04   3.769216602460e-02
pR1.0e-4-u5.5 | 120   4.786724385274e-04   3.769074319113e-02
pR1.0e-4-u5.0 | 30   5.157094557975e-04   4.060704376358e-02
pR1.0e-4-u5.0 | 60   5.121576580089e-04   4.032737464637e-02
pR1.0e-4-u5.0 | 120   5.119858796218e-04   4.031384878912e-02
pR1.0e-4-u4.0 | 30   5.984729431409e-04   4.712385379062e-02
pR1.0e-4-u4.0 | 60   5.939535882576e-04   4.676799907540e-02
pR1.0e-4-u4.0 | 120   5.942818140495e-04   4.679384362595e-02
pR1.0e-4-u4.5 | 30   5.490681434114e-04   4.323371207964e-02
pR1.0e-4-u4.5 | 60   5.450592607638e-04   4.291805202864e-02
pR1.0e-4-u4.5 | 120   5.450961310454e-04   4.292095520043e-02
pR1.0e-4-u7.5 | 30   3.746455776836e-04   2.949965178611e-02
pR1.0e-4-u7.5 | 60   3.725248283304e-04   2.933266364806e-02
pR1.0e-4-u7.5 | 120   3.718331596308e-04   2.927820154573e-02
pR1.0e-4-u7.0 | 30   3.931486736673e-04   3.095658847774e-02
pR1.0e-4-u7.0 | 60   3.915595122290e-04   3.083145765582e-02
pR1.0e-4-u7.0 | 120   3.908685818001e-04   3.077705368505e-02
pR1.0e-4-u6.0 | 30   4.487577059536e-04   3.533525243729e-02
pR1.0e-4-u6.0 | 60   4.455288052088e-04   3.508100828416e-02
pR1.0e-4-u6.0 | 120   4.452319724601e-04   3.505763562678e-02
pR1.0e-4-u3.5 | 30   6.623800831807e-04   5.215591206147e-02
pR1.0e-4-u3.5 | 60   6.591428748142e-04   5.190101376489e-02
pR1.0e-4-u3.5 | 120   6.590475565175e-04   5.189350838721e-02
pR1.0e-4-u6.5 | 30   4.180991563190e-04   3.292119341094e-02
pR1.0e-4-u6.5 | 60   4.158014198242e-04   3.274026927749e-02
pR1.0e-4-u6.5 | 120   4.151953149562e-04   3.269254448474e-02
pR2.5e-5-u2.5 | 30   7.567025873321e-04   5.958288089229e-02
pR2.5e-5-u2.5 | 60   7.561478053361e-04   5.953919727056e-02
pR2.5e-5-u2.5 | 120   7.559587322626e-04   5.952430962698e-02
pR2.5e-5-u4.5 | 30   5.883250077487e-04   4.632480375974e-02
pR2.5e-5-u4.5 | 60   5.828835203500e-04   4.589634018504e-02
pR2.5e-5-u4.5 | 120   5.831688823074e-04   4.591880963050e-02
pR1.0e-4-u8.5 | 30   3.516425730990e-04   2.768839158259e-02
pR1.0e-4-u8.5 | 60   3.493120989458e-04   2.750488968077e-02
pR1.0e-4-u8.5 | 120   3.485001297990e-04   2.744095510228e-02
pR2.5e-5-u2.0 | 30   8.331060554405e-04   6.559890200319e-02
pR2.5e-5-u2.0 | 60   8.339481622673e-04   6.566520962735e-02
pR2.5e-5-u2.0 | 120   8.337129464712e-04   6.564668869852e-02
pR2.5e-5-u3.0 | 30   7.095333738701e-04   5.586876959607e-02
pR2.5e-5-u3.0 | 60   7.087347427746e-04   5.580588525784e-02
pR2.5e-5-u3.0 | 120   7.086704126833e-04   5.580081989632e-02
pR2.5e-5-u7.5 | 30   3.983224853335e-04   3.136397522311e-02
pR2.5e-5-u7.5 | 60   3.971816476921e-04   3.127414548757e-02
pR2.5e-5-u7.5 | 120   3.959734509766e-04   3.117901188792e-02
pR2.5e-5-u7.0 | 30   4.229593416947e-04   3.330388517281e-02
pR2.5e-5-u7.0 | 60   4.216331275608e-04   3.319945886306e-02
pR2.5e-5-u7.0 | 120   4.208808553497e-04   3.314022483068e-02
pR2.5e-5-u3.5 | 30   6.738935291228e-04   5.306248260810e-02
pR2.5e-5-u3.5 | 60   6.721064744251e-04   5.292176963977e-02
pR2.5e-5-u3.5 | 120   6.718838719516e-04   5.290424188595e-02
pR1.0e-4-u8.0 | 30   3.613326453303e-04   2.845138939609e-02
pR1.0e-4-u8.0 | 60   3.583133322957e-04   2.821364821226e-02
pR1.0e-4-u8.0 | 120   3.576987976523e-04   2.816525965766e-02
pR2.5e-5-u11.0 | 30   6.350000000000e-03   5.000000000000e-01
pR2.5e-5-u11.0 | 60   6.350000000000e-03   5.000000000000e-01
pR2.5e-5-u11.0 | 120   6.350000000000e-03   5.000000000000e-01
pR2.5e-5-u8.5 | 30   3.644632105170e-04   2.869789059189e-02
pR2.5e-5-u8.5 | 60   3.625615552883e-04   2.854815395971e-02
pR2.5e-5-u8.5 | 120   3.619087073198e-04   2.849674860786e-02
pR2.5e-5-u5.5 | 30   5.181822771380e-04   4.080175410536e-02
pR2.5e-5-u5.5 | 60   5.164824454295e-04   4.066790908893e-02
pR2.5e-5-u5.5 | 120   5.161347415450e-04   4.064053083031e-02
pR2.5e-5-u10.5 | 30   6.350000000000e-03   5.000000000000e-01
pR2.5e-5-u10.5 | 60   6.350000000000e-03   5.000000000000e-01
pR2.5e-5-u10.5 | 120   6.350000000000e-03   5.000000000000e-01
pR2.5e-5-u8.0 | 30   3.792785128899e-04   2.986444983385e-02
pR2.5e-5-u8.0 | 60   3.774056266277e-04   2.971697847462e-02
pR2.5e-5-u8.0 | 120   3.765664312796e-04   2.965090010075e-02
pR1.0e-4-u10.0 | 30   6.350000000000e-03   5.000000000000e-01
pR1.0e-4-u10.0 | 60   6.350000000000e-03   5.000000000000e-01
pR1.0e-4-u10.0 | 120   6.350000000000e-03   5.000000000000e-01
pR2.5e-5-u9.0 | 30   3.544594609930e-04   2.791019377898e-02
pR2.5e-5-u9.0 | 60   3.532821872070e-04   2.781749505567e-02
pR2.5e-5-u9.0 | 120   3.526278895823e-04   2.776597555766e-02
pR1.0e-4-u11.0 | 30   6.350000000000e-03   5.000000000000e-01
pR1.0e-4-u11.0 | 60   6.350000000000e-03   5.000000000000e-01
pR1.0e-4-u11.0 | 120   6.350000000000e-03   5.000000000000e-01
pR1.0e-4-u10.5 | 30   6.350000000000e-03   5.000000000000e-01
pR1.0e-4-u10.5 | 60   6.350000000000e-03   5.000000000000e-01
pR1.0e-4-u10.5 | 120   6.350000000000e-03   5.000000000000e-01
pR2.5e-5-u9.5 | 30   3.537122239592e-04   2.785135621726e-02
pR2.5e-5-u9.5 | 60   3.510124762985e-04   2.763877766130e-02
pR2.5e-5-u9.5 | 120   3.506410019820e-04   2.760952771512e-02