T, Cp, H, S
300, 21.278390649, 6241.97833397, 18.026702297
350, 21.1460270695, 7280.52986941, 18.0918539655
400, 21.0603339413, 8319.24368888, 18.1339299255
450, 21.0018087393, 9358.07366078, 18.16264001
500, 20.9601215351, 10396.989238, 18.1830872812
550, 20.9294053273, 11435.9695545, 18.1981573441
600, 20.9061346213, 12474.9999366, 18.2095798379
650, 20.8880903977, 13514.0697929, 18.218441939
700, 20.8738207773, 14553.1713007, 18.2254544875
750, 20.8623441033, 15592.2985632, 18.231097981
800, 20.8529776918, 16631.4470556, 18.2357065852
850, 20.8452350496, 17670.6132495, 18.2395184835
900, 20.838762023, 18709.7943543, 18.2427071319
950, 20.8332959305, 19748.9881348, 18.2454012618
1000, 20.828638722, 20788.19278, 18.2476980336
1050, 20.8246389587, 21827.4068074, 18.2496718954
1100, 20.8211794961, 22866.6289917, 18.2513806806
1150, 20.8181689454, 23905.8583119, 18.2528698907
1200, 20.8155356965, 24945.0939103, 18.2541757585
1250, 20.8132237074, 25984.3350613, 18.2553274808
1300, 20.8111895272, 27023.5811473, 18.256348872
1350, 20.8094001843, 28062.8316391, 18.2572596105
1400, 20.8078316782, 29102.0860814, 18.2580761938
1450, 20.8064678856, 30141.34408, 18.2588126796
1500, 20.8052997414, 31180.6052928, 18.2594812695
1550, 20.8043245925, 32219.869421, 18.2600927735
1600, 20.8035456501, 33259.1362035, 18.2606569814
1650, 20.8029714897, 34298.4054113, 18.261182961
1700, 20.8026155624, 35337.6768426, 18.2616792977
1750, 20.8024956977, 36376.9503198, 18.2621542846
1800, 20.8026335875, 37416.2256862, 18.2626160714
1850, 20.8030542471, 38455.5028032, 18.2630727787
1900, 20.8037854584, 39494.7815481, 18.2635325827
1950, 20.8048572005, 40534.0618125, 18.2640037738
2000, 20.8063010763, 41573.3435002, 18.2644947933
2050, 20.8081497469, 42612.626526, 18.2650142518
2100, 20.8104363804, 43651.9108143, 18.2655709315
2150, 20.8131941269, 44691.1962983, 18.2661737762
2200, 20.8164556262, 45730.4829185, 18.2668318698
2250, 20.8202525543, 46769.7706224, 18.2675544076
2300, 20.8246152144, 47809.0593632, 18.2683506601
2350, 20.8295721754, 48848.3490993, 18.2692299338
2400, 20.8351499596, 49887.639794, 18.2702015276
2450, 20.8413727803, 50926.9314143, 18.2712746889
2500, 20.8482623287, 51966.2239309, 18.2724585689
2550, 20.8558376088, 53005.5173178, 18.2737621779
2600, 20.8641148173, 54044.8115513, 18.2751943438
2650, 20.8731072663, 55084.1066103, 18.276763671
2700, 20.8828253453, 56123.4024756, 18.2784785031
2750, 20.8932765183, 57162.6991298, 18.2803468881
2800, 20.9044653532, 58201.9965568, 18.2823765475
2850, 20.9163935789, 59241.294742, 18.2845748484
2900, 20.929060166, 60280.5936716, 18.2869487796
2950, 20.9424614292, 61319.8933327, 18.2895049308
3000, 20.9565911458, 62359.1937131, 18.2922494764
3050, 20.971440688, 63398.4948012, 18.2951881614
3100, 20.9869991663, 64437.7965858, 18.298326292
3150, 21.0032535809, 65477.0990561, 18.3016687281
3200, 21.0201889779, 66516.4022014, 18.3052198799
3250, 21.0377886094, 67555.7060113, 18.3089837063
3300, 21.0560340945, 68595.0104754, 18.3129637168
3350, 21.0749055796, 69634.3155835, 18.3171629747
3400, 21.0943818973, 70673.6213251, 18.321584103
3450, 21.1144407215, 71712.92769, 18.3262292924
3500, 21.1350587181, 72752.2346678, 18.3311003102
3550, 21.1562116911, 73791.5422479, 18.3361985112
3600, 21.1778747223, 74830.8504199, 18.3415248499
3650, 21.2000223046, 75870.159173, 18.3470798932
3700, 21.2226284688, 76909.4684964, 18.3528638346
3750, 21.2456669027, 77948.7783791, 18.3588765087
3800, 21.2691110637, 78988.0888101, 18.3651174066
3850, 21.2929342831, 80027.3997783, 18.3715856915
3900, 21.3171098638, 81066.7112724, 18.3782802144
3950, 21.3416111704, 82106.0232809, 18.3851995305
4000, 21.366411712, 83145.3357924, 18.3923419153
4050, 21.391485218, 84184.6487953, 18.3997053808
4100, 21.4168057073, 85223.962278, 18.4072876914
4150, 21.442347551, 86263.2762288, 18.4150863801
4200, 21.4680855283, 87302.590636, 18.4230987639
4250, 21.4939948771, 88341.9054877, 18.4313219591
4300, 21.5200513382, 89381.2207721, 18.4397528967
4350, 21.5462311947, 90420.5364775, 18.4483883367
4400, 21.5725113056, 91459.852592, 18.4572248821
4450, 21.5988691356, 92499.1691038, 18.4662589935
4500, 21.6252827794, 93538.4860012, 18.4754870013
4550, 21.6517309822, 94577.8032725, 18.4849051194
4600, 21.6781931567, 95617.1209059, 18.494509457
4650, 21.7046493959, 96656.43889, 18.5042960307
4700, 21.7310804827, 97695.7572131, 18.5142607755
4750, 21.7574678968, 98735.0758638, 18.524399556
4800, 21.7837938184, 99774.3948308, 18.5347081762
4850, 21.8100411293, 100813.714103, 18.5451823896
4900, 21.8361934123, 101853.033669, 18.5558179085
4950, 21.8622349473, 102892.353518, 18.5666104125
5000, 21.8881507068, 103931.673639, 18.577555557
5050, 21.913926349, 104970.994022, 18.588648981
5100, 21.9395482088, 106010.314655, 18.5998863143
5150, 21.9650032891, 107049.635529, 18.6112631848
5200, 21.990279249, 108088.956633, 18.6227752246
5250, 22.0153643924, 109128.277957, 18.634418076
5300, 22.0402476548, 110167.599491, 18.6461873976
5350, 22.0649185896, 111206.921225, 18.6580788693
5400, 22.0893673542, 112246.243151, 18.6700881971
5450, 22.1135846945, 113285.565257, 18.6822111177
5500, 22.13756193, 114324.887536, 18.6944434029
5550, 22.1612909378, 115364.209978, 18.7067808631
5600, 22.1847641369, 116403.532574, 18.7192193511
5650, 22.2079744718, 117442.855315, 18.7317547652
5700, 22.2309153961, 118482.178194, 18.7443830522
5750, 22.2535808563, 119521.501201, 18.7571002101
5800, 22.2759652755, 120560.824329, 18.7699022905
5850, 22.2980635366, 121600.147569, 18.7827854009
5900, 22.3198709666, 122639.470914, 18.7957457064
5950, 22.3413833199, 123678.794357, 18.8087794316
6000, 22.3625967628, 124718.117889, 18.8218828621
6050, 22.3835078574, 125757.441504, 18.8350523458
6100, 22.4041135463, 126796.765195, 18.8482842941
6150, 22.4244111372, 127836.088955, 18.8615751827
6200, 22.444398288, 128875.412777, 18.8749215526
6250, 22.4640729918, 129914.736655, 18.8883200109
6300, 22.483433563, 130954.060582, 18.9017672307
6350, 22.5024786226, 131993.384553, 18.9152599523
6400, 22.5212070851, 133032.708561, 18.9287949827
6450, 22.5396181446, 134072.0326, 18.9423691964
6500, 22.5577112622, 135111.356666, 18.9559795348
6550, 22.575486153, 136150.680752, 18.9696230068
6600, 22.5929427737, 137190.004853, 18.983296688
6650, 22.610081311, 138229.328964, 18.9969977211
6700, 22.6269021699, 139268.65308, 19.0107233148
6750, 22.6434059623, 140307.977197, 19.0244707441
6800, 22.6595934959, 141347.30131, 19.0382373497
6850, 22.6754657646, 142386.625413, 19.0520205371
6900, 22.6910239373, 143425.949503, 19.0658177764
6950, 22.7062693486, 144465.273576, 19.0796266016
7000, 22.7212034894, 145504.597627, 19.0934446096
7050, 22.7358279974, 146543.921653, 19.1072694602
7100, 22.7501446488, 147583.24565, 19.1210988744
7150, 22.7641553496, 148622.569613, 19.1349306344
7200, 22.7778621271, 149661.89354, 19.1487625825
7250, 22.7912671227, 150701.217427, 19.1625926201
7300, 22.8043725842, 151740.541271, 19.1764187069
7350, 22.8171808582, 152779.865068, 19.1902388602
7400, 22.8296943837, 153819.188816, 19.2040511539
7450, 22.841915685, 154858.512511, 19.2178537173
7500, 22.8538473657, 155897.836151, 19.2316447346
7550, 22.8654921025, 156937.159734, 19.2454224436
7600, 22.8768526393, 157976.483255, 19.2591851351
7650, 22.8879317815, 159015.806714, 19.2729311515
7700, 22.898732391, 160055.130107, 19.2866588861
7750, 22.9092573807, 161094.453432, 19.3003667822
7800, 22.9195097103, 162133.776687, 19.314053332
7850, 22.9294923806, 163173.09987, 19.3277170754
7900, 22.9392084303, 164212.422979, 19.3413565997
7950, 22.9486609306, 165251.746012, 19.3549705379
8000, 22.9578529823, 166291.068967, 19.3685575681
8050, 22.9667877109, 167330.391842, 19.3821164128
8100, 22.975468264, 168369.714635, 19.3956458371
8150, 22.983897807, 169409.037346, 19.409144649
8200, 22.9920795204, 170448.359972, 19.4226116971
8250, 23.0000165961, 171487.682513, 19.436045871
8300, 23.0077122352, 172527.004966, 19.4494460992
8350, 23.0151696445, 173566.32733, 19.4628113492
8400, 23.0223920343, 174605.649604, 19.4761406258
8450, 23.0293826157, 175644.971788, 19.4894329707
8500, 23.0361445983, 176684.293879, 19.5026874617
8550, 23.0426811878, 177723.615877, 19.5159032113
8600, 23.0489955843, 178762.937781, 19.5290793664
8650, 23.0550909797, 179802.259589, 19.5422151073
8700, 23.0609705563, 180841.581302, 19.5553096467
8750, 23.066637485, 181880.902918, 19.5683622291
8800, 23.0720949234, 182920.224437, 19.58137213
8850, 23.0773460143, 183959.545857, 19.5943386551
8900, 23.0823938847, 184998.867179, 19.6072611394
8950, 23.0872416436, 186038.188401, 19.6201389464
9000, 23.0918923815, 187077.509523, 19.6329714679
9050, 23.0963491688, 188116.830545, 19.6457581225
9100, 23.1006150548, 189156.151466, 19.6584983555
9150, 23.1046930668, 190195.472285, 19.6711916378
9200, 23.1085862087, 191234.793003, 19.6838374655
9250, 23.1122974607, 192274.113618, 19.6964353592
9300, 23.1158297783, 193313.434132, 19.708984863
9350, 23.1191860912, 194352.754542, 19.7214855444
9400, 23.1223693031, 195392.07485, 19.733936993
9450, 23.1253822907, 196431.395055, 19.7463388207
9500, 23.1282279035, 197470.715156, 19.7586906603
9550, 23.1309089627, 198510.035155, 19.7709921655
9600, 23.1334282616, 199549.35505, 19.7832430099
9650, 23.1357885642, 200588.674841, 19.7954428868
9700, 23.1379926056, 201627.994529, 19.8075915084
9750, 23.1400430913, 202667.314114, 19.8196886053
9800, 23.1419426969, 203706.633595, 19.8317339259
9850, 23.143694068, 204745.952973, 19.8437272362
9900, 23.14529982, 205785.272248, 19.8556683189
9950, 23.1467625377, 206824.591419, 19.8675569731
10000, 23.1480847754, 207863.910488, 19.879393014
10050, 23.1492690566, 208903.229453, 19.8911762719
10100, 23.1503178742, 209942.548316, 19.9029065923
10150, 23.15123369, 210981.867076, 19.9145838352
10200, 23.1520189352, 212021.185734, 19.9262078747
10250, 23.15267601, 213060.50429, 19.9377785984
10300, 23.1532072838, 214099.822744, 19.9492959074
10350, 23.1536150951, 215139.141097, 19.9607597153
10400, 23.1539017519, 216178.459348, 19.9721699485
10450, 23.1540695315, 217217.777498, 19.9835265453
10500, 23.1541206806, 218257.095548, 19.9948294556
10550, 23.1540574155, 219296.413497, 20.0060786407
10600, 23.1538819225, 220335.731347, 20.0172740729
10650, 23.1535963577, 221375.049097, 20.0284157351
10700, 23.1532028472, 222414.366747, 20.0395036203
10750, 23.1527034877, 223453.684299, 20.0505377316
10800, 23.152100346, 224493.001753, 20.0615180818
10850, 23.1513954601, 225532.319108, 20.0724446928
10900, 23.1505908386, 226571.636366, 20.0833175955
10950, 23.1496884617, 227610.953527, 20.0941368298
11000, 23.1486902806, 228650.270591, 20.1049024436
11050, 23.1475982187, 229689.587559, 20.1156144933
11100, 23.1464141712, 230728.904431, 20.1262730429
11150, 23.1451400056, 231768.221208, 20.1368781641
11200, 23.1437775622, 232807.537889, 20.147429936
11250, 23.1423286541, 233846.854477, 20.1579284446
11300, 23.1407950675, 234886.170971, 20.1683737828
11350, 23.1391785625, 235925.487371, 20.1787660502
11400, 23.1374808728, 236964.803679, 20.1891053527
11450, 23.1357037064, 238004.119894, 20.1993918023
11500, 23.1338487459, 239043.436017, 20.2096255171
11550, 23.1319176489, 240082.75205, 20.2198066205
11600, 23.129912048, 241122.067991, 20.229935242
11650, 23.1278335519, 242161.383842, 20.2400115158
11700, 23.1256837449, 243200.699604, 20.2500355816
11750, 23.1234641878, 244240.015276, 20.2600075839
11800, 23.1211764184, 245279.33086, 20.269927672
11850, 23.1188219513, 246318.646356, 20.2797959997
11900, 23.116402279, 247357.961765, 20.2896127251
11950, 23.1139188716, 248397.277086, 20.2993780106
12000, 23.111373178, 249436.592321, 20.3090920228
12050, 23.1087666254, 250475.907471, 20.318754932
12100, 23.1061006205, 251515.222535, 20.3283669124
12150, 23.1033765496, 252554.537514, 20.3379281416
12200, 23.1005957789, 253593.85241, 20.3474388009
12250, 23.0977596551, 254633.167222, 20.3568990748
12300, 23.0948695059, 255672.481951, 20.366309151
12350, 23.0919266404, 256711.796598, 20.3756692202
12400, 23.0889323493, 257751.111163, 20.3849794763
12450, 23.0858879058, 258790.425646, 20.3942401156
12500, 23.0827945658, 259829.740049, 20.4034513376
12550, 23.0796535682, 260869.054372, 20.4126133439
12600, 23.076466136, 261908.368616, 20.4217263389
12650, 23.0732334759, 262947.682781, 20.4307905293
12700, 23.0699567798, 263986.996867, 20.4398061241
12750, 23.0666372243, 265026.310876, 20.4487733346
12800, 23.063275972, 266065.624807, 20.4576923738
12850, 23.0598741717, 267104.938662, 20.4665634572
12900, 23.0564329587, 268144.252441, 20.4753868019
12950, 23.0529534559, 269183.566145, 20.4841626271
13000, 23.0494367738, 270222.879773, 20.4928911535
13050, 23.0458840114, 271262.193328, 20.5015726037
13100, 23.0422962566, 272301.506809, 20.5102072017
13150, 23.0386745868, 273340.820217, 20.5187951735
13200, 23.0350200695, 274380.133552, 20.5273367461
13250, 23.0313337631, 275419.446815, 20.5358321482
13300, 23.027616717, 276458.760007, 20.5442816099
13350, 23.0238699728, 277498.073128, 20.5526853625
13400, 23.0200945646, 278537.386179, 20.5610436387
13450, 23.0162915196, 279576.699161, 20.5693566725
13500, 23.0124618591, 280616.012073, 20.5776246989
13550, 23.0086065987, 281655.324917, 20.5858479541
13600, 23.0047267493, 282694.637693, 20.5940266756
13650, 23.000823318, 283733.950401, 20.6021611018
13700, 22.9968973081, 284773.263043, 20.6102514722
13750, 22.9929497206, 285812.575619, 20.6182980274
13800, 22.9889815545, 286851.888129, 20.626301009
13850, 22.9849938076, 287891.200574, 20.6342606596
13900, 22.9809874775, 288930.512954, 20.6421772226
13950, 22.9769635621, 289969.82527, 20.6500509425
14000, 22.9729230607, 291009.137523, 20.6578820648
14050, 22.9688669746, 292048.449713, 20.6656708359
14100, 22.9647963079, 293087.761841, 20.6734175031
14150, 22.9607120688, 294127.073908, 20.6811223146
14200, 22.9566152697, 295166.385913, 20.6887855197
14250, 22.9525069291, 296205.697857, 20.6964073684
14300, 22.9483880715, 297245.009742, 20.7039881118
14350, 22.9442597291, 298284.321567, 20.711528002
14400, 22.9401229424, 299323.633333, 20.719027292
14450, 22.9359787613, 300362.945041, 20.7264862358
14500, 22.9318282461, 301402.256691, 20.7339050883
14550, 22.9276724683, 302441.568283, 20.7412841057
14600, 22.9235125119, 303480.879819, 20.7486235451
14650, 22.9193494746, 304520.191299, 20.7559236647
14700, 22.9151844684, 305559.502724, 20.7631847237
14750, 22.9110186212, 306598.814093, 20.7704069828
14800, 22.9068530776, 307638.125408, 20.7775907035
14850, 22.9026890003, 308677.436669, 20.7847361489
14900, 22.898527571, 309716.747877, 20.7918435831
14950, 22.894369992, 310756.059031, 20.7989132716
15000, 22.890217487, 311795.370134, 20.8059454816
15050, 22.8860713027, 312834.681185, 20.8129404813
15100, 22.8819327099, 313873.992185, 20.8198985406
15150, 22.8778030049, 314913.303134, 20.826819931
15200, 22.8736835107, 315952.614033, 20.8337049257
15250, 22.8695755785, 316991.924883, 20.8405537993
15300, 22.8654805889, 318031.235684, 20.8473668285
15350, 22.8613999536, 319070.546437, 20.8541442917
15400, 22.8573351167, 320109.857142, 20.8608864692
15450, 22.8532875559, 321149.167799, 20.8675936434
15500, 22.8492587845, 322188.478411, 20.8742660987
15550, 22.8452503525, 323227.788976, 20.8809041218
15600, 22.8412638482, 324267.099496, 20.8875080016
15650, 22.8373009, 325306.40997, 20.8940780292
15700, 22.8333631778, 326345.720401, 20.9006144986
15750, 22.8294523948, 327385.030788, 20.907117706
15800, 22.8255703089, 328424.341132, 20.9135879505
15850, 22.8217187245, 329463.651433, 20.9200255337
15900, 22.8178994944, 330502.961693, 20.9264307606
15950, 22.8141145212, 331542.271911, 20.9328039387
16000, 22.8103657594, 332581.582088, 20.939145379
16050, 22.8066552168, 333620.892226, 20.9454553956
16100, 22.8029849569, 334660.202324, 20.9517343061
16150, 22.7993571, 335699.512383, 20.9579824315
16200, 22.7957738258, 336738.822404, 20.9642000967
16250, 22.7922373748, 337778.132387, 20.9703876301
16300, 22.7887500506, 338817.442333, 20.9765453643
16350, 22.7853142214, 339856.752243, 20.982673636
16400, 22.7819323226, 340896.062118, 20.9887727858
16450, 22.7786068581, 341935.371957, 20.9948431593
16500, 22.775340403, 342974.681762, 21.000885106
16550, 22.7721356054, 344013.991534, 21.0068989807
16600, 22.7689951883, 345053.301273, 21.0128851427
16650, 22.765921952, 346092.610979, 21.0188439566
16700, 22.7629187762, 347131.920654, 21.0247757921
16750, 22.759988622, 348171.230298, 21.0306810243
16800, 22.7571345343, 349210.539911, 21.0365600341
16850, 22.754359644, 350249.849496, 21.0424132079
16900, 22.7516671701, 351289.159052, 21.0482409383
16950, 22.7490604221, 352328.468579, 21.054043624
17000, 22.7465428024, 353367.77808, 21.0598216698
17050, 22.7441178081, 354407.087554, 21.0655754876
17100, 22.7417890342, 355446.397003, 21.0713054955
17150, 22.7395601753, 356485.706427, 21.077012119
17200, 22.7374350282, 357525.015827, 21.0826957906
17250, 22.7354174942, 358564.325204, 21.0883569502
17300, 22.7335115819, 359603.634558, 21.0939960454
17350, 22.7317214091, 360642.943891, 21.0996135316
17400, 22.7300512059, 361682.253203, 21.1052098722
17450, 22.7285053165, 362721.562496, 21.1107855392
17500, 22.7270882025, 363760.87177, 21.1163410127
17550, 22.7258044446, 364800.181026, 21.121876782
17600, 22.724658746, 365839.490264, 21.1273933452
17650, 22.7236559342, 366878.799487, 21.1328912098
17700, 22.7228009641, 367918.108695, 21.1383708927
17750, 22.7220989205, 368957.417888, 21.1438329207
17800, 22.7215550205, 369996.727068, 21.1492778306
17850, 22.7211746165, 371036.036236, 21.1547061696
17900, 22.7209631985, 372075.345393, 21.1601184952
17950, 22.7209263969, 373114.65454, 21.165515376
18000, 22.7210699853, 374153.963678, 21.1708973916
18050, 22.7213998831, 375193.272808, 21.1762651332
18100, 22.721922158, 376232.581931, 21.1816192033
18150, 22.7226430292, 377271.891049, 21.1869602166
18200, 22.7235688696, 378311.200162, 21.1922888002
18250, 22.7247062087, 379350.509272, 21.1976055933
18300, 22.7260617357, 380389.818379, 21.2029112483
18350, 22.7276423015, 381429.127486, 21.2082064306
18400, 22.7294549222, 382468.436593, 21.2134918191
18450, 22.7315067816, 383507.745702, 21.2187681063
18500, 22.7338052336, 384547.054813, 21.2240359989
18550, 22.7363578056, 385586.363929, 21.2292962179
18600, 22.7391722008, 386625.673051, 21.2345494989
18650, 22.7422563011, 387664.982179, 21.2397965927
18700, 22.74561817, 388704.291316, 21.2450382652
18750, 22.7492660552, 389743.600463, 21.250275298
18800, 22.7532083914, 390782.909621, 21.2555084887
18850, 22.7574538032, 391822.218791, 21.2607386512
18900, 22.7620111077, 392861.527976, 21.2659666161
18950, 22.7668893175, 393900.837177, 21.2711932308
19000, 22.7720976431, 394940.146396, 21.2764193601
19050, 22.7776454959, 395979.455633, 21.2816458866
19100, 22.783542491, 397018.764891, 21.2868737106
19150, 22.7897984497, 398058.074172, 21.2921037509
19200, 22.7964234024, 399097.383477, 21.297336945
19250, 22.8034275914, 400136.692807, 21.3025742495
19300, 22.8108214732, 401176.002165, 21.3078166403
19350, 22.8186157218, 402215.311553, 21.3130651131
19400, 22.8268212307, 403254.620972, 21.3183206837
19450, 22.8354491161, 404293.930425, 21.3235843884
19500, 22.8445107193, 405333.239913, 21.3288572844
19550, 22.8540176095, 406372.549437, 21.33414045
19600, 22.863981586, 407411.859001, 21.3394349852
19650, 22.8744146814, 408451.168607, 21.3447420118
19700, 22.8853291635, 409490.478255, 21.350062674
19750, 22.8967375384, 410529.78795, 21.3553981389
19800, 22.9086525527, 411569.097691, 21.3607495963
19850, 22.9210871962, 412608.407483, 21.3661182597
19900, 22.9340547041, 413647.717327, 21.3715053664
19950, 22.9475685597, 414687.027226, 21.3769121778
20000, 22.9616424966, 415726.337181, 21.3823399799
20050, 22.9762905012, 416765.647195, 21.387790084
20100, 22.9915268152, 417804.957272, 21.3932638262
20150, 23.0073659376, 418844.267412, 21.3987625688
20200, 23.023822627, 419883.577619, 21.4042877
20250, 23.0409119041, 420922.887896, 21.4098406346
20300, 23.0586490538, 421962.198244, 21.4154228142
20350, 23.0770496273, 423001.508667, 21.4210357079
20400, 23.096129444, 424040.819168, 21.4266808122
20450, 23.1159045943, 425080.129749, 21.4323596519
20500, 23.1363914406, 426119.440413, 21.4380737802
20550, 23.1576066204, 427158.751162, 21.4438247789
20600, 23.1795670474, 428198.062001, 21.4496142595
20650, 23.2022899137, 429237.372931, 21.4554438627
20700, 23.2257926917, 430276.683957, 21.4613152593
20750, 23.2500931359, 431315.99508, 21.4672301508
20800, 23.2752092845, 432355.306305, 21.473190269
20850, 23.3011594611, 433394.617634, 21.4791973773
20900, 23.3279622767, 434433.929071, 21.4852532705
20950, 23.3556366306, 435473.24062, 21.4913597752
21000, 23.3842017126, 436512.552282, 21.4975187506
21050, 23.4136770039, 437551.864063, 21.5037320885
21100, 23.4440822789, 438591.175965, 21.5100017137
21150, 23.4754376063, 439630.487992, 21.5163295847
21200, 23.5077633503, 440669.800148, 21.5227176937
21250, 23.5410801721, 441709.112436, 21.5291680671
21300, 23.5754090308, 442748.42486, 21.5356827662
21350, 23.6107711842, 443787.737425, 21.5422638869
21400, 23.6471881904, 444827.050133, 21.5489135607
21450, 23.6846819082, 445866.36299, 21.555633955
21500, 23.7232744979, 446905.675998, 21.5624272728
21550, 23.7629884224, 447944.989162, 21.5692957542
21600, 23.8038464477, 448984.302486, 21.5762416756
21650, 23.8458716433, 450023.615975, 21.5832673509
21700, 23.8890873828, 451062.929632, 21.5903751315
21750, 23.9335173445, 452102.243463, 21.5975674066
21800, 23.9791855114, 453141.557471, 21.6048466038
21850, 24.0261161718, 454180.871661, 21.6122151893
21900, 24.074333919, 455220.186037, 21.6196756681
21950, 24.1238636515, 456259.500605, 21.6272305847
22000, 24.1747305733, 457298.815368, 21.6348825231
22050, 24.2269601932, 458338.130333, 21.6426341073
22100, 24.2805783246, 459377.445503, 21.6504880016
22150, 24.3356110858, 460416.760883, 21.6584469109
22200, 24.3920848986, 461456.076479, 21.666513581
22250, 24.4500264883, 462495.392295, 21.6746907991
22300, 24.509462883, 463534.708338, 21.6829813937
22350, 24.5704214125, 464574.024611, 21.6913882355
22400, 24.6329297076, 465613.341121, 21.6999142371
22450, 24.6970156991, 466652.657872, 21.7085623536
22500, 24.7627076165, 467691.97487, 21.7173355829
22550, 24.830033987, 468731.292122, 21.726236966
22600, 24.8990236336, 469770.609631, 21.7352695872
22650, 24.9697056742, 470809.927405, 21.7444365741
22700, 25.0421095196, 471849.245448, 21.7537410984
22750, 25.1162648717, 472888.563767, 21.7631863759
22800, 25.1922017216, 473927.882367, 21.7727756667
22850, 25.2699503478, 474967.201255, 21.7825122754
22900, 25.3495413138, 476006.520437, 21.7923995515
22950, 25.4310054658, 477045.839919, 21.8024408896
23000, 25.5143739302, 478085.159707, 21.8126397295
23050, 25.5996781111, 479124.479807, 21.8229995565
23100, 25.6869496876, 480163.800226, 21.8335239016
23150, 25.7762206106, 481203.12097, 21.8442163417
23200, 25.8675231, 482242.442047, 21.8550804997
23250, 25.9608896415, 483281.763462, 21.8661200449
23300, 26.0563529829, 484321.085222, 21.8773386928
23350, 26.153946131, 485360.407335, 21.8887402058
23400, 26.2537023478, 486399.729807, 21.9003283927
23450, 26.3556551464, 487439.052644, 21.9121071093
23500, 26.4598382871, 488478.375855, 21.9240802586
23550, 26.5662857732, 489517.699447, 21.9362517904
23600, 26.675031847, 490557.023426, 21.9486257019
23650, 26.7861109845, 491596.3478, 21.9612060378
23700, 26.8995578914, 492635.672576, 21.9739968899
23750, 27.0154074977, 493674.997763, 21.9870023976
23800, 27.133694953, 494714.323366, 22.0002267482
23850, 27.2544556208, 495753.649395, 22.0136741762
23900, 27.3777250735, 496792.975857, 22.027348964
23950, 27.5035390864, 497832.302759, 22.0412554416
24000, 27.6319336321, 498871.63011, 22.0553979869
24050, 27.7629448742, 499910.957918, 22.0697810253
24100, 27.8966091616, 500950.28619, 22.0844090301
24150, 28.0329630211, 501989.614936, 22.0992865222
24200, 28.1720431518, 503028.944162, 22.1144180703
24250, 28.3138864176, 504068.273878, 22.1298082906
24300, 28.4585298405, 505107.604092, 22.1454618469
24350, 28.6060105931, 506146.934813, 22.1613834506
24400, 28.7563659911, 507186.266048, 22.1775778603
24450, 28.9096334858, 508225.597807, 22.1940498822
24500, 29.0658506562, 509264.930099, 22.2108043693
24550, 29.2250552008, 510304.262932, 22.227846222
24600, 29.387284929, 511343.596315, 22.2451803875
24650, 29.552577753, 512382.930258, 22.2628118596
24700, 29.7209716786, 513422.264768, 22.2807456788
24750, 29.8925047966, 514461.599856, 22.298986932
24800, 30.0672152728, 515500.935531, 22.3175407522
24850, 30.2451413395, 516540.271802, 22.3364123183
24900, 30.426321285, 517579.608679, 22.3556068548
24950, 30.6107934437, 518618.94617, 22.3751296318
25000, 30.7985961866, 519658.284286, 22.3949859645
25050, 30.98976791, 520697.623036, 22.4151812127
25100, 31.1843470252, 521736.962429, 22.435720781
25150, 31.3823719476, 522776.302477, 22.456610118
25200, 31.5838810856, 523815.643187, 22.4778547163
25250, 31.7889128289, 524854.984572, 22.4994601117
25300, 31.9975055372, 525894.326639, 22.5214318834
25350, 32.2096975278, 526933.6694, 22.5437756529
25400, 32.4255270641, 527973.012865, 22.5664970842
25450, 32.6450323426, 529012.357043, 22.5896018828
25500, 32.8682514807, 530051.701946, 22.6130957958
25550, 33.0952225032, 531091.047583, 22.6369846109
25600, 33.3259833298, 532130.393965, 22.6612741561
25650, 33.5605717613, 533169.741103, 22.6859702993
25700, 33.799025466, 534209.089006, 22.7110789475
25750, 34.0413819658, 535248.437686, 22.7366060462
25800, 34.2876786219, 536287.787153, 22.7625575792
25850, 34.5379526206, 537327.137419, 22.7889395676
25900, 34.7922409584, 538366.488493, 22.8157580693
25950, 35.0505804271, 539405.840387, 22.8430191781
26000, 35.3130075987, 540445.193111, 22.8707290235
26050, 35.5795588098, 541484.546677, 22.8988937697
26100, 35.8502701461, 542523.901096, 22.9275196146
26150, 36.1251774263, 543563.256379, 22.9566127896
26200, 36.4043161857, 544602.612536, 22.9861795584
26250, 36.6877216604, 545641.969579, 23.0162262165
26300, 36.9754287699, 546681.32752, 23.0467590899
26350, 37.2674721004, 547720.686369, 23.077784535
26400, 37.5638858879, 548760.046138, 23.109308937
26450, 37.8647040003, 549799.406839, 23.1413387092
26500, 38.1699599201, 550838.768482, 23.1738802925
26550, 38.4796867263, 551878.131079, 23.2069401538
26600, 38.7939170764, 552917.494642, 23.2405247855
26650, 39.1126831879, 553956.859181, 23.2746407043
26700, 39.43601682, 554996.22471, 23.3092944503
26750, 39.7639492543, 556035.591239, 23.3444925857
26800, 40.0965112762, 557074.95878, 23.380241694
26850, 40.4337331555, 558114.327344, 23.4165483788
26900, 40.7756446269, 559153.696944, 23.4534192627
26950, 41.1222748704, 560193.06759, 23.490860986
27000, 41.4736524915, 561232.439295, 23.5288802056
27050, 41.8298055011, 562271.812071, 23.567483594
27100, 42.190761295, 563311.185928, 23.6066778378
27150, 42.5565466339, 564350.56088, 23.6464696366
27200, 42.9271876225, 565389.936937, 23.6868657015
27250, 43.3027096888, 566429.314112, 23.7278727541
27300, 43.6831375633, 567468.692415, 23.7694975251
27350, 44.0684952575, 568508.07186, 23.8117467525
27400, 44.4588060429, 569547.452458, 23.8546271809
27450, 44.8540924299, 570586.83422, 23.8981455597
27500, 45.2543761456, 571626.217158, 23.9423086415
27550, 45.6596781126, 572665.601285, 23.987123181
27600, 46.0700184272, 573704.986611, 24.0325959334
27650, 46.4854163372, 574744.373149, 24.0787336528
27700, 46.9058902203, 575783.760911, 24.1255430905
27750, 47.3314575618, 576823.149907, 24.1730309939
27800, 47.7621349324, 577862.54015, 24.2212041043
27850, 48.1979379661, 578901.931652, 24.270069156
27900, 48.6388813376, 579941.324424, 24.3196328738
27950, 49.0849787407, 580980.718477, 24.3699019722
28000, 49.5362428647, 582020.113824, 24.4208831529
28050, 49.9926853734, 583059.510475, 24.4725831038
28100, 50.4543168815, 584098.908443, 24.5250084966
28150, 50.9211469327, 585138.307738, 24.5781659856
28200, 51.3931839773, 586177.708372, 24.6320622054
28250, 51.8704353499, 587217.110357, 24.6867037696
28300, 52.3529072466, 588256.513703, 24.7420972684
28350, 52.840604703, 589295.918423, 24.7982492672
28400, 53.3335315721, 590335.324526, 24.8551663046
28450, 53.8316905018, 591374.732024, 24.9128548902
28500, 54.3350829132, 592414.140929, 24.9713215029
28550, 54.8437089781, 593453.551251, 25.0305725891
28600, 55.357567598, 594492.963, 25.0906145605
28650, 55.8766563814, 595532.376189, 25.1514537921
28700, 56.4009716232, 596571.790826, 25.2130966202
28750, 56.9305082826, 597611.206924, 25.2755493405
28800, 57.4652599625, 598650.624493, 25.338818206
28850, 58.005218888, 599690.043542, 25.4029094246
28900, 58.5503758861, 600729.464083, 25.4678291577
28950, 59.1007203649, 601768.886125, 25.5335835173
29000, 59.6562402936, 602808.309679, 25.6001785643
29050, 60.2169221823, 603847.734754, 25.6676203066
29100, 60.7827510623, 604887.161361, 25.7359146962
29150, 61.3537104669, 605926.589509, 25.8050676278
29200, 61.9297824124, 606966.019208, 25.8750849361
29250, 62.5109473792, 608005.450467, 25.9459723939
29300, 63.0971842936, 609044.883296, 26.0177357097
29350, 63.68847051, 610084.317704, 26.0903805254
29400, 64.2847817931, 611123.7537, 26.1639124144
29450, 64.886092301, 612163.191292, 26.2383368791
29500, 65.4923745686, 613202.630491, 26.3136593485
29550, 66.1035994913, 614242.071304, 26.3898851765
29600, 66.7197363093, 615281.513739, 26.4670196388
29650, 67.3407525925, 616320.957806, 26.5450679314
29700, 67.966614226, 617360.403512, 26.6240351678
29750, 68.5972853956, 618399.850865, 26.7039263769
29800, 69.2327285746, 619439.299873, 26.7847465009
29850, 69.8729045107, 620478.750543, 26.8665003925
29900, 70.5177722138, 621518.202884, 26.9491928129
29950, 71.1672889442, 622557.656902, 27.0328284298
30000, 71.8214102015, 623597.112604, 27.1174118144
30050, 72.4800897142, 624636.569997, 27.2029474398
30100, 73.1432794302, 625676.029088, 27.2894396782
30150, 73.8109295077, 626715.489883, 27.3768927988
30200, 74.4829883069, 627754.952389, 27.4653109655
30250, 75.1594023824, 628794.416611, 27.5546982347
30300, 75.8401164768, 629833.882555, 27.645058553
30350, 76.5250735144, 630873.350226, 27.7363957546
30400, 77.2142145964, 631912.819631, 27.8287135596
30450, 77.9074789961, 632952.290775, 27.9220155712
30500, 78.6048041559, 633991.763661, 28.0163052741
30550, 79.3061256846, 635031.238295, 28.1115860315
30600, 80.0113773554, 636070.71468, 28.2078610835
30650, 80.7204911056, 637110.192823, 28.3051335448
30700, 81.4333970359, 638149.672725, 28.4034064022
30750, 82.1500234123, 639189.154391, 28.5026825129
30800, 82.8702966675, 640228.637824, 28.6029646019
30850, 83.5941414041, 641268.123027, 28.7042552604
30900, 84.3214803981, 642307.610003, 28.8065569432
30950, 85.0522346046, 643347.098755, 28.909871967
31000, 85.7863231628, 644386.589285, 29.0142025081
31050, 86.5236634038, 645426.081595, 29.1195506006
31100, 87.2641708578, 646465.575686, 29.2259181344
31150, 88.0077592637, 647505.071561, 29.3333068529
31200, 88.754340579, 648544.569219, 29.4417183516
31250, 89.5038249907, 649584.068663, 29.5511540758
31300, 90.2561209279, 650623.569893, 29.6616153188
31350, 91.011135075, 651663.072909, 29.7731032204
31400, 91.7687723861, 652702.57771, 29.8856187645
31450, 92.5289361003, 653742.084297, 29.9991627781
31500, 93.2915277588, 654781.59267, 30.113735929
31550, 94.0564472223, 655821.102826, 30.2293387242
31600, 94.8235926899, 656860.614765, 30.3459715087
31650, 95.5928607194, 657900.128485, 30.4636344634
31700, 96.364146248, 658939.643985, 30.5823276038
31750, 97.1373426148, 659979.161261, 30.7020507785
31800, 97.9123415845, 661018.680313, 30.8228036678
31850, 98.6890333713, 662058.201135, 30.9445857821
31900, 99.467306665, 663097.723727, 31.0673964609
31950, 100.247048658, 664137.248083, 31.1912348711
32000, 101.028145072, 665176.7742, 31.316100006
32050, 101.81048019, 666216.302075, 31.4419906842
32100, 102.593936883, 667255.831701, 31.5689055481
32150, 103.378396642, 668295.363075, 31.6968430632
32200, 104.163739614, 669334.896192, 31.8258015171
32250, 104.94984463, 670374.431045, 31.9557790181
32300, 105.736589245, 671413.967629, 32.0867734946
32350, 106.523849768, 672453.505937, 32.2187826945
32400, 107.311501305, 673493.045964, 32.351804184
32450, 108.099417792, 674532.587702, 32.485835347
32500, 108.887472035, 675572.131143, 32.6208733847
32550, 109.675535751, 676611.67628, 32.7569153147
32600, 110.463479609, 677651.223106, 32.8939579706
32650, 111.251173271, 678690.771612, 33.0319980017
32700, 112.038485434, 679730.321789, 33.1710318723
32750, 112.825283876, 680769.873628, 33.3110558619
32800, 113.6114355, 681809.42712, 33.4520660642
32850, 114.396806378, 682848.982254, 33.5940583878
32900, 115.1812618, 683888.539022, 33.7370285554
32950, 115.964666321, 684928.097413, 33.8809721042
33000, 116.746883807, 685967.657415, 34.0258843857
33050, 117.527777486, 687007.219018, 34.1717605659
33100, 118.307209999, 688046.782211, 34.3185956257
33150, 119.085043449, 689086.346981, 34.4663843608
33200, 119.861139452, 690125.913316, 34.6151213822
33250, 120.635359189, 691165.481204, 34.7648011168
33300, 121.407563462, 692205.050632, 34.9154178077
33350, 122.177612743, 693244.621586, 35.0669655146
33400, 122.945367229, 694284.194054, 35.219438115
33450, 123.710686901, 695323.768022, 35.3728293042
33500, 124.473431571, 696363.343474, 35.5271325969
33550, 125.233460945, 697402.920398, 35.6823413273
33600, 125.990634675, 698442.498777, 35.8384486505
33650, 126.744812418, 699482.078597, 35.9954475435
33700, 127.495853889, 700521.659842, 36.1533308062
33750, 128.243618922, 701561.242496, 36.3120910627
33800, 128.987967526, 702600.826543, 36.4717207624
33850, 129.728759943, 703640.411968, 36.6322121813
33900, 130.465856705, 704679.998752, 36.7935574238
33950, 131.199118693, 705719.586879, 36.9557484237
34000, 131.928407197, 706759.176331, 37.118776946
34050, 132.65358397, 707798.767091, 37.2826345885
34100, 133.374511291, 708838.35914, 37.4473127836
34150, 134.09105202, 709877.952461, 37.6128027999
34200, 134.803069659, 710917.547035, 37.7790957441
34250, 135.51042841, 711957.142843, 37.9461825632
34300, 136.212993231, 712996.739865, 38.1140540459
34350, 136.910629895, 714036.338083, 38.2827008254
34400, 137.603205052, 715075.937476, 38.4521133808
34450, 138.290586278, 716115.538024, 38.6222820401
34500, 138.972642142, 717155.139708, 38.7931969816
34550, 139.649242255, 718194.742507, 38.9648482369
34600, 140.320257331, 719234.346399, 39.1372256931
34650, 140.985559243, 720273.951364, 39.3103190952
34700, 141.645021076, 721313.557381, 39.4841180487
34750, 142.298517184, 722353.164428, 39.6586120221
34800, 142.945923246, 723392.772484, 39.8337903496
34850, 143.587116317, 724432.381525, 40.0096422339
34900, 144.221974882, 725471.991531, 40.1861567489
34950, 144.850378912, 726511.602478, 40.3633228426
35000, 145.47220991, 727551.214345, 40.5411293396
35050, 146.087350968, 728590.827107, 40.7195649446
35100, 146.695686813, 729630.440743, 40.898618245
35150, 147.297103861, 730670.055228, 41.0782777142
35200, 147.891490259, 731709.67054, 41.2585317142
35250, 148.478735939, 732749.286655, 41.4393684993
35300, 149.058732663, 733788.903548, 41.620776219
35350, 149.631374066, 734828.521197, 41.8027429212
35400, 150.196555704, 735868.139577, 41.9852565555
35450, 150.754175095, 736907.758663, 42.1683049765
35500, 151.304131765, 737947.378432, 42.351875947
35550, 151.846327285, 738986.998858, 42.5359571417
35600, 152.380665315, 740026.619917, 42.7205361502
35650, 152.907051639, 741066.241584, 42.9056004809
35700, 153.42539421, 742105.863834, 43.0911375638
35750, 153.935603176, 743145.486643, 43.2771347546
35800, 154.437590925, 744185.109984, 43.4635793381
35850, 154.931272113, 745224.733833, 43.6504585315
35900, 155.416563701, 746264.358164, 43.837759488
35950, 155.893384981, 747303.982952, 44.0254693008
36000, 156.361657611, 748343.608171, 44.213575006
36050, 156.82130564, 749383.233796, 44.402063587
36100, 157.272255537, 750422.8598, 44.5909219774
36150, 157.714436217, 751462.486159, 44.7801370651
36200, 158.147779063, 752502.112846, 44.9696956958
36250, 158.572217951, 753541.739836, 45.1595846768
36300, 158.987689271, 754581.367103, 45.3497907803
36350, 159.394131946, 755620.99462, 45.5403007476
36400, 159.791487449, 756660.622362, 45.7311012922
36450, 160.179699825, 757700.250304, 45.9221791038
36500, 160.558715701, 758739.878418, 46.113520852
36550, 160.9284843, 759779.506679, 46.3051131899
36600, 161.28895746, 760819.135062, 46.4969427576
36650, 161.640089636, 761858.763539, 46.6889961858
36700, 161.981837913, 762898.392086, 46.8812600999
36750, 162.314162017, 763938.020677, 47.0737211232
36800, 162.637024316, 764977.649285, 47.2663658803
36850, 162.950389828, 766017.277884, 47.4591810015
36900, 163.254226222, 767056.90645, 47.6521531253
36950, 163.548503824, 768096.534957, 47.8452689031
37000, 163.83319561, 769136.163378, 48.0385150015
37050, 164.108277213, 770175.791688, 48.2318781068
37100, 164.373726914, 771215.419862, 48.4253449281
37150, 164.62952564, 772255.047874, 48.6189022005
37200, 164.87565696, 773294.675699, 48.8125366889
37250, 165.112107077, 774334.303312, 49.0062351913
37300, 165.338864816, 775373.930688, 49.1999845419
37350, 165.555921619, 776413.557801, 49.3937716146
37400, 165.763271534, 777453.184627, 49.5875833265
37450, 165.960911195, 778492.811141, 49.7814066408
37500, 166.148839819, 779532.437318, 49.9752285699
37550, 166.327059181, 780572.063134, 50.1690361791
37600, 166.495573602, 781611.688565, 50.3628165892
37650, 166.654389932, 782651.313586, 50.5565569798
37700, 166.803517529, 783690.938172, 50.7502445924
37750, 166.942968237, 784730.562301, 50.9438667332
37800, 167.072756368, 785770.185949, 51.1374107761
37850, 167.192898678, 786809.809091, 51.3308641656
37900, 167.303414342, 787849.431705, 51.5242144197
37950, 167.40432493, 788889.053767, 51.7174491326
38000, 167.49565438, 789928.675253, 51.9105559775
38050, 167.577428972, 790968.296143, 52.1035227091
38100, 167.649677299, 792007.916411, 52.2963371667
38150, 167.712430239, 793047.536037, 52.4889872761
38200, 167.765720922, 794087.154997, 52.6814610526
38250, 167.809584703, 795126.77327, 52.8737466033
38300, 167.844059126, 796166.390834, 53.0658321296
38350, 167.869183894, 797206.007667, 53.2577059295
38400, 167.885000832, 798245.623747, 53.4493563996
38450, 167.891553858, 799285.239054, 53.6407720378
38500, 167.888888943, 800324.853567, 53.8319414453
38550, 167.877054074, 801364.467264, 54.0228533286
38600, 167.856099224, 802404.080126, 54.2134965015
38650, 167.826076306, 803443.692131, 54.4038598872
38700, 167.787039143, 804483.30326, 54.5939325204
38750, 167.739043422, 805522.913494, 54.7837035489
38800, 167.682146663, 806562.522811, 54.9731622353
38850, 167.61640817, 807602.131194, 55.1622979592
38900, 167.541888999, 808641.738623, 55.3511002183
38950, 167.458651912, 809681.34508, 55.5395586304
39000, 167.366761341, 810720.950545, 55.7276629351
39050, 167.266283339, 811760.555001, 55.9154029946
39100, 167.157285547, 812800.15843, 56.1027687958
39150, 167.039837145, 813839.760813, 56.2897504515
39200, 166.914008813, 814879.362134, 56.4763382014
39250, 166.779872689, 815918.962375, 56.6625224137
39300, 166.637502323, 816958.561519, 56.848293586
39350, 166.486972637, 817998.15955, 57.0336423468
39400, 166.328359879, 819037.756451, 57.218559456
39450, 166.161741584, 820077.352206, 57.4030358063
39500, 165.987196526, 821116.946799, 57.587062424
39550, 165.804804677, 822156.540215, 57.7706304698
39600, 165.614647163, 823196.132439, 57.9537312398
39650, 165.41680622, 824235.723455, 58.136356166
39700, 165.211365153, 825275.313249, 58.3184968172
39750, 164.99840829, 826314.901807, 58.5001448995
39800, 164.778020938, 827354.489114, 58.6812922569
39850, 164.550289345, 828394.075156, 58.8619308718
39900, 164.315300649, 829433.65992, 59.0420528655
39950, 164.073142844, 830473.243394, 59.2216504986
40000, 163.823904731, 831512.825562, 59.4007161712
40050, 163.567675877, 832552.406414, 59.5792424234
40100, 163.304546576, 833591.985937, 59.7572219353
40150, 163.034607802, 834631.564118, 59.9346475276
40200, 162.757951172, 835671.140946, 60.1115121611
40250, 162.474668902, 836710.716409, 60.2878089372
40300, 162.184853768, 837750.290496, 60.463531098
40350, 161.888599064, 838789.863196, 60.6386720259
40400, 161.585998562, 839829.434498, 60.8132252438
40450, 161.277146474, 840869.004392, 60.9871844149
40500, 160.962137409, 841908.572868, 61.1605433425
40550, 160.641066339, 842948.139916, 61.3332959697
40600, 160.314028556, 843987.705527, 61.5054363793
40650, 159.981119638, 845027.269691, 61.6769587936
40700, 159.642435409, 846066.832399, 61.8478575736
40750, 159.298071901, 847106.393642, 62.0181272189
40800, 158.948125323, 848145.953413, 62.1877623672
40850, 158.592692017, 849185.511703, 62.3567577939
40900, 158.23186843, 850225.068504, 62.5251084114
40950, 157.865751075, 851264.623808, 62.6928092688
41000, 157.4944365, 852304.177609, 62.8598555508
41050, 157.11802125, 853343.729898, 63.0262425776
41100, 156.736601837, 854383.28067, 63.1919658041
41150, 156.350274709, 855422.829918, 63.3570208188
41200, 155.959136213, 856462.377636, 63.5214033435
41250, 155.563282568, 857501.923817, 63.6851092324
41300, 155.162809834, 858541.468457, 63.8481344711
41350, 154.757813882, 859581.011548, 64.0104751758
41400, 154.348390361, 860620.553087, 64.1721275929
41450, 153.934634676, 861660.093068, 64.3330880973
41500, 153.516641952, 862699.631487, 64.493353192
41550, 153.094507016, 863739.168339, 64.6529195069
41600, 152.66832436, 864778.70362, 64.8117837982
41650, 152.238188123, 865818.237326, 64.9699429468
41700, 151.804192062, 866857.769454, 65.1273939576
41750, 151.366429527, 867897.299999, 65.2841339583
41800, 150.924993439, 868936.828959, 65.4401601987
41850, 150.479976264, 869976.35633, 65.595470049
41900, 150.031469993, 871015.882111, 65.7500609989
41950, 149.579566115, 872055.406297, 65.9039306568
42000, 149.124355603, 873094.928888, 66.0570767479
42050, 148.665928886, 874134.449881, 66.2094971139
42100, 148.204375833, 875173.969275, 66.3611897109
42150, 147.739785731, 876213.487066, 66.5121526089
42200, 147.27224727, 877253.003255, 66.6623839901
42250, 146.801848519, 878292.51784, 66.8118821479
42300, 146.328676914, 879332.03082, 66.9606454855
42350, 145.852819238, 880371.542194, 67.1086725147
42400, 145.374361606, 881411.051962, 67.2559618546
42450, 144.893389446, 882450.560124, 67.4025122302
42500, 144.409987489, 883490.066678, 67.5483224711
42550, 143.924239753, 884529.571626, 67.6933915104
42600, 143.436229526, 885569.074968, 67.8377183831
42650, 142.946039356, 886608.576703, 67.9813022249
42700, 142.453751037, 887648.076833, 68.1241422708
42750, 141.9594456, 888687.575358, 68.2662378537
42800, 141.463203295, 889727.07228, 68.4075884033
42850, 140.965103587, 890766.567599, 68.5481934442
42900, 140.465225142, 891806.061318, 68.6880525953
42950, 139.963645818, 892845.553436, 68.8271655675
43000, 139.460442655, 893885.043958, 68.9655321633
43050, 138.955691868, 894924.532883, 69.1031522746
43100, 138.44946884, 895964.020214, 69.2400258818
43150, 137.941848108, 897003.505954, 69.3761530523
43200, 137.432903365, 898042.990104, 69.5115339391
43250, 136.922707446, 899082.472668, 69.6461687793
43300, 136.411332326, 900121.953648, 69.7800578928
43350, 135.898849113, 901161.433047, 69.9132016813
43400, 135.385328044, 902200.910867, 70.0456006262
43450, 134.870838478, 903240.387112, 70.1772552878
43500, 134.355448896, 904279.861786, 70.3081663037
43550, 133.839226891, 905319.334891, 70.4383343874
43600, 133.322239173, 906358.806432, 70.567760327
43650, 132.804551559, 907398.276411, 70.696444984
43700, 132.286228974, 908437.744833, 70.8243892915
43750, 131.767335449, 909477.211702, 70.9515942535
43800, 131.247934117, 910516.677022, 71.0780609428
43850, 130.728087218, 911556.140797, 71.2037905002
43900, 130.20785609, 912595.603031, 71.3287841332
43950, 129.687301174, 913635.063729, 71.4530431141
44000, 129.166482013, 914674.522895, 71.5765687795
44050, 128.645457252, 915713.980534, 71.6993625283
44100, 128.124284639, 916753.436652, 71.8214258206
44150, 127.603021025, 917792.891252, 71.9427601767
44200, 127.081722367, 918832.344339, 72.0633671754
44250, 126.560443729, 919871.79592, 72.183248453
44300, 126.039239283, 920911.245998, 72.3024057018
44350, 125.518162313, 921950.69458, 72.4208406692
44400, 124.997265217, 922990.141671, 72.5385551561
44450, 124.47659951, 924029.587276, 72.6555510157
44500, 123.956215825, 925069.031401, 72.7718301525
44550, 123.436163921, 926108.474052, 72.8873945211
44600, 122.916492682, 927147.915234, 73.0022461244
44650, 122.397250126, 928187.354953, 73.1163870133
44700, 121.878483403, 929226.793214, 73.2298192848
44750, 121.360238805, 930266.230026, 73.3425450813
44800, 120.842561768, 931305.665392, 73.4545665891
44850, 120.325496875, 932345.099319, 73.5658860374
44900, 119.809087867, 933384.531814, 73.6765056972
44950, 119.293377641, 934423.962883, 73.78642788
45000, 118.778408263, 935463.392532, 73.8956549371
45050, 118.264220967, 936502.820767, 74.0041892578
45100, 117.750856164, 937542.247596, 74.1120332693
45150, 117.238353448, 938581.673024, 74.2191894344
45200, 116.726751601, 939621.097058, 74.3256602516
45250, 116.216088602, 940660.519705, 74.4314482534
45300, 115.70640163, 941699.940972, 74.5365560053
45350, 115.197727071, 942739.360865, 74.640986105
45400, 114.690100529, 943778.779391, 74.7447411812
45450, 114.183556828, 944818.196557, 74.8478238927
45500, 113.678130019, 945857.612369, 74.9502369275
45550, 113.173853392, 946897.026836, 75.0519830016
45600, 112.670759478, 947936.439963, 75.1530648581
45650, 112.168880058, 948975.851759, 75.2534852667
45700, 111.668246172, 950015.262229, 75.3532470218
45750, 111.168888125, 951054.671381, 75.4523529426
45800, 110.670835494, 952094.079222, 75.5508058718
45850, 110.174117136, 953133.48576, 75.6486086743
45900, 109.678761196, 954172.891001, 75.745764237
45950, 109.184795116, 955212.294952, 75.8422754676
46000, 108.692245641, 956251.697622, 75.9381452936
46050, 108.201138826, 957291.099017, 76.0333766619
46100, 107.711500047, 958330.499144, 76.1279725376
46150, 107.223354007, 959369.898012, 76.2219359031
46200, 106.736724745, 960409.295626, 76.3152697578
46250, 106.251635641, 961448.691995, 76.4079771169
46300, 105.768109428, 962488.087126, 76.5000610107
46350, 105.286168199, 963527.481027, 76.5915244838
46400, 104.805833414, 964566.873704, 76.6823705948
46450, 104.327125908, 965606.265166, 76.7726024147
46500, 103.8500659, 966645.655419, 76.8622230269
46550, 103.374673002, 967685.044471, 76.9512355264
46600, 102.900966226, 968724.43233, 77.0396430187
46650, 102.42896399, 969763.819003, 77.1274486196
46700, 101.958684131, 970803.204498, 77.2146554542
46750, 101.49014391, 971842.588821, 77.3012666563
46800, 101.023360019, 972881.971981, 77.3872853678
46850, 100.558348593, 973921.353985, 77.4727147383
46900, 100.095125214, 974960.734841, 77.5575579239
46950, 99.633704922, 976000.114555, 77.6418180871
47000, 99.1741022208, 977039.493136, 77.725498396
47050, 98.7163310881, 978078.870591, 77.8086020237
47100, 98.2604049822, 979118.246928, 77.8911321478
47150, 97.8063368502, 980157.622153, 77.9730919499
47200, 97.3541391362, 981196.996275, 78.0544846147
47250, 96.9038237888, 982236.369301, 78.1353133299
47300, 96.4554022691, 983275.741238, 78.2155812853
47350, 96.0088855587, 984315.112094, 78.2952916726
47400, 95.5642841674, 985354.481876, 78.3744476846
47450, 95.1216081404, 986393.850592, 78.453052515
47500, 94.6808670668, 987433.218249, 78.5311093575
47550, 94.2420700867, 988472.584855, 78.6086214059
47600, 93.8052258988, 989511.950417, 78.685591853
47650, 93.3703427683, 990551.314942, 78.7620238906
47700, 92.9374285336, 991590.678438, 78.8379207089
47750, 92.5064906147, 992630.040912, 78.913285496
47800, 92.0775360197, 993669.402371, 78.9881214376
47850, 91.6505713527, 994708.762823, 79.0624317165
47900, 91.2256028205, 995748.122276, 79.1362195122
47950, 90.8026362403, 996787.480736, 79.2094880006
48000, 90.3816770464, 997826.83821, 79.2822403534
48050, 89.9627302975, 998866.194706, 79.3544797379
48100, 89.5458006837, 999905.550232, 79.4262093168
48150, 89.1308925332, 1000944.90479, 79.4974322473
48200, 88.7180098193, 1001984.2584, 79.5681516812
48250, 88.3071561671, 1003023.61106, 79.6383707644
48300, 87.8983348604, 1004062.96277, 79.7080926369
48350, 87.4915488483, 1005102.31355, 79.7773204317
48400, 87.0868007515, 1006141.6634, 79.8460572752
48450, 86.6840928693, 1007181.01233, 79.9143062868
48500, 86.2834271857, 1008220.36035, 79.9820705783
48550, 85.8848053756, 1009259.70746, 80.0493532536
48600, 85.4882288118, 1010299.05367, 80.1161574089
48650, 85.0936985705, 1011338.39899, 80.1824861319
48700, 84.7012154378, 1012377.74342, 80.2483425018
48750, 84.3107799157, 1013417.08697, 80.313729589
48800, 83.9223922284, 1014456.42966, 80.3786504549
48850, 83.5360523275, 1015495.77147, 80.4431081513
48900, 83.1517598989, 1016535.11243, 80.5071057209
48950, 82.7695143678, 1017574.45254, 80.5706461962
49000, 82.3893149046, 1018613.7918, 80.6337325998
49050, 82.0111604308, 1019653.13022, 80.6963679443
49100, 81.6350496244, 1020692.46782, 80.7585552316
49150, 81.2609809253, 1021731.80459, 80.8202974531
49200, 80.8889525409, 1022771.14054, 80.8815975894
49250, 80.5189624514, 1023810.47568, 80.9424586099
49300, 80.1510084152, 1024849.81001, 81.002883473
49350, 79.785087974, 1025889.14355, 81.0628751256
49400, 79.4211984577, 1026928.4763, 81.1224365032
49450, 79.05933699, 1027967.80826, 81.1815705293
49500, 78.6995004931, 1029007.13944, 81.2402801158
49550, 78.3416856924, 1030046.46985, 81.2985681625
49600, 77.985889122, 1031085.7995, 81.356437557
49650, 77.6321071288, 1032125.12838, 81.4138911746
49700, 77.2803358774, 1033164.45652, 81.4709318781
49750, 76.9305713553, 1034203.7839, 81.5275625177
49800, 76.5828093765, 1035243.11055, 81.583785931
49850, 76.2370455869, 1036282.43646, 81.6396049428
49900, 75.8932754681, 1037321.76165, 81.6950223648
49950, 75.5514943422, 1038361.08611, 81.7500409957
