T, Cp, H, S
300, 21.278390649, 6241.97833397, 18.026702297
350, 21.1460270695, 7280.52986941, 18.0918539655
400, 21.0603339413, 8319.24368888, 18.1339299255
450, 21.0018087393, 9358.07366078, 18.16264001
500, 20.9601215351, 10396.989238, 18.1830872812
550, 20.9294053273, 11435.9695545, 18.1981573441
600, 20.9061346213, 12474.9999366, 18.2095798379
650, 20.8880903977, 13514.0697929, 18.218441939
700, 20.8738207773, 14553.1713007, 18.2254544875
750, 20.8623441033, 15592.2985632, 18.231097981
800, 20.8529776918, 16631.4470556, 18.2357065852
850, 20.8452350496, 17670.6132495, 18.2395184835
900, 20.838762023, 18709.7943543, 18.2427071319
950, 20.8332959305, 19748.9881348, 18.2454012618
1000, 20.828638722, 20788.19278, 18.2476980336
1050, 20.8246389587, 21827.4068074, 18.2496718954
1100, 20.8211794961, 22866.6289917, 18.2513806806
1150, 20.8181689454, 23905.8583119, 18.2528698907
1200, 20.8155356965, 24945.0939103, 18.2541757585
1250, 20.8132237074, 25984.3350613, 18.2553274808
1300, 20.8111895272, 27023.5811473, 18.256348872
1350, 20.8094001843, 28062.8316391, 18.2572596105
1400, 20.8078316782, 29102.0860814, 18.2580761938
1450, 20.8064678856, 30141.34408, 18.2588126796
1500, 20.8052997414, 31180.6052928, 18.2594812695
1550, 20.8043245925, 32219.869421, 18.2600927735
1600, 20.8035456501, 33259.1362035, 18.2606569814
1650, 20.8029714897, 34298.4054113, 18.261182961
1700, 20.8026155624, 35337.6768426, 18.2616792977
1750, 20.8024956977, 36376.9503198, 18.2621542846
1800, 20.8026335875, 37416.2256862, 18.2626160714
1850, 20.8030542471, 38455.5028032, 18.2630727787
1900, 20.8037854584, 39494.7815481, 18.2635325827
1950, 20.8048572005, 40534.0618125, 18.2640037738
2000, 20.8063010763, 41573.3435002, 18.2644947933
2050, 20.8081497469, 42612.626526, 18.2650142518
2100, 20.8104363804, 43651.9108143, 18.2655709315
2150, 20.8131941269, 44691.1962983, 18.2661737762
2200, 20.8164556262, 45730.4829185, 18.2668318698
2250, 20.8202525543, 46769.7706224, 18.2675544076
2300, 20.8246152144, 47809.0593632, 18.2683506601
2350, 20.8295721754, 48848.3490993, 18.2692299338
2400, 20.8351499596, 49887.639794, 18.2702015276
2450, 20.8413727803, 50926.9314143, 18.2712746889
2500, 20.8482623287, 51966.2239309, 18.2724585689
2550, 20.8558376088, 53005.5173178, 18.2737621779
2600, 20.8641148173, 54044.8115513, 18.2751943438
2650, 20.8731072663, 55084.1066103, 18.276763671
2700, 20.8828253453, 56123.4024756, 18.2784785031
2750, 20.8932765183, 57162.6991298, 18.2803468881
2800, 20.9044653532, 58201.9965568, 18.2823765475
2850, 20.9163935789, 59241.294742, 18.2845748484
2900, 20.929060166, 60280.5936716, 18.2869487796
2950, 20.9424614292, 61319.8933327, 18.2895049308
3000, 20.9565911458, 62359.1937131, 18.2922494764
3050, 20.971440688, 63398.4948012, 18.2951881614
3100, 20.9869991663, 64437.7965858, 18.298326292
3150, 21.0032535809, 65477.0990561, 18.3016687281
3200, 21.0201889779, 66516.4022014, 18.3052198799
3250, 21.0377886094, 67555.7060113, 18.3089837063
3300, 21.0560340945, 68595.0104754, 18.3129637168
3350, 21.0749055796, 69634.3155835, 18.3171629747
3400, 21.0943818973, 70673.6213251, 18.321584103
3450, 21.1144407215, 71712.92769, 18.3262292924
3500, 21.1350587181, 72752.2346678, 18.3311003102
3550, 21.1562116911, 73791.5422479, 18.3361985112
3600, 21.1778747223, 74830.8504199, 18.3415248499
3650, 21.2000223046, 75870.159173, 18.3470798932
3700, 21.2226284688, 76909.4684964, 18.3528638346
3750, 21.2456669027, 77948.7783791, 18.3588765087
3800, 21.2691110637, 78988.0888101, 18.3651174066
3850, 21.2929342831, 80027.3997783, 18.3715856915
3900, 21.3171098638, 81066.7112724, 18.3782802144
3950, 21.3416111704, 82106.0232809, 18.3851995305
4000, 21.366411712, 83145.3357924, 18.3923419153
4050, 21.391485218, 84184.6487953, 18.3997053808
4100, 21.4168057073, 85223.962278, 18.4072876914
4150, 21.442347551, 86263.2762288, 18.4150863801
4200, 21.4680855283, 87302.590636, 18.4230987639
4250, 21.4939948771, 88341.9054877, 18.4313219591
4300, 21.5200513382, 89381.2207721, 18.4397528967
4350, 21.5462311947, 90420.5364775, 18.4483883367
4400, 21.5725113056, 91459.852592, 18.4572248821
4450, 21.5988691356, 92499.1691038, 18.4662589935
4500, 21.6252827794, 93538.4860012, 18.4754870013
4550, 21.6517309822, 94577.8032725, 18.4849051194
4600, 21.6781931567, 95617.1209059, 18.494509457
4650, 21.7046493959, 96656.43889, 18.5042960307
4700, 21.7310804827, 97695.7572131, 18.5142607755
4750, 21.7574678968, 98735.0758638, 18.524399556
4800, 21.7837938184, 99774.3948308, 18.5347081762
4850, 21.8100411293, 100813.714103, 18.5451823896
4900, 21.8361934123, 101853.033669, 18.5558179085
4950, 21.8622349473, 102892.353518, 18.5666104125
5000, 21.8881507068, 103931.673639, 18.577555557
5050, 21.913926349, 104970.994022, 18.588648981
5100, 21.9395482088, 106010.314655, 18.5998863143
5150, 21.9650032891, 107049.635529, 18.6112631848
5200, 21.990279249, 108088.956633, 18.6227752246
5250, 22.0153643924, 109128.277957, 18.634418076
5300, 22.0402476548, 110167.599491, 18.6461873976
5350, 22.0649185896, 111206.921225, 18.6580788693
5400, 22.0893673542, 112246.243151, 18.6700881971
5450, 22.1135846945, 113285.565257, 18.6822111177
5500, 22.13756193, 114324.887536, 18.6944434029
5550, 22.1612909378, 115364.209978, 18.7067808631
5600, 22.1847641369, 116403.532574, 18.7192193511
5650, 22.2079744718, 117442.855315, 18.7317547652
5700, 22.2309153961, 118482.178194, 18.7443830522
5750, 22.2535808563, 119521.501201, 18.7571002101
5800, 22.2759652755, 120560.824329, 18.7699022905
5850, 22.2980635366, 121600.147569, 18.7827854009
5900, 22.3198709666, 122639.470914, 18.7957457064
5950, 22.3413833199, 123678.794357, 18.8087794316
6000, 22.3625967628, 124718.117889, 18.8218828621
6050, 22.3835078574, 125757.441504, 18.8350523458
6100, 22.4041135463, 126796.765195, 18.8482842941
6150, 22.4244111372, 127836.088955, 18.8615751827
6200, 22.444398288, 128875.412777, 18.8749215526
6250, 22.4640729918, 129914.736655, 18.8883200109
6300, 22.483433563, 130954.060582, 18.9017672307
6350, 22.5024786226, 131993.384553, 18.9152599523
6400, 22.5212070851, 133032.708561, 18.9287949827
6450, 22.5396181446, 134072.0326, 18.9423691964
6500, 22.5577112622, 135111.356666, 18.9559795348
6550, 22.575486153, 136150.680752, 18.9696230068
6600, 22.5929427737, 137190.004853, 18.983296688
6650, 22.610081311, 138229.328964, 18.9969977211
6700, 22.6269021699, 139268.65308, 19.0107233148
6750, 22.6434059623, 140307.977197, 19.0244707441
6800, 22.6595934959, 141347.30131, 19.0382373497
6850, 22.6754657646, 142386.625413, 19.0520205371
6900, 22.6910239373, 143425.949503, 19.0658177764
6950, 22.7062693486, 144465.273576, 19.0796266016
7000, 22.7212034894, 145504.597627, 19.0934446096
7050, 22.7358279974, 146543.921653, 19.1072694602
7100, 22.7501446488, 147583.24565, 19.1210988744
7150, 22.7641553496, 148622.569613, 19.1349306344
7200, 22.7778621271, 149661.89354, 19.1487625825
7250, 22.7912671227, 150701.217427, 19.1625926201
7300, 22.8043725842, 151740.541271, 19.1764187069
7350, 22.8171808582, 152779.865068, 19.1902388602
7400, 22.8296943837, 153819.188816, 19.2040511539
7450, 22.841915685, 154858.512511, 19.2178537173
7500, 22.8538473657, 155897.836151, 19.2316447346
7550, 22.8654921025, 156937.159734, 19.2454224436
7600, 22.8768526393, 157976.483255, 19.2591851351
7650, 22.8879317815, 159015.806714, 19.2729311515
7700, 22.898732391, 160055.130107, 19.2866588861
7750, 22.9092573807, 161094.453432, 19.3003667822
7800, 22.9195097103, 162133.776687, 19.314053332
7850, 22.9294923806, 163173.09987, 19.3277170754
7900, 22.9392084303, 164212.422979, 19.3413565997
7950, 22.9486609306, 165251.746012, 19.3549705379
8000, 22.9578529823, 166291.068967, 19.3685575681
8050, 22.9667877109, 167330.391842, 19.3821164128
8100, 22.975468264, 168369.714635, 19.3956458371
8150, 22.983897807, 169409.037346, 19.409144649
8200, 22.9920795204, 170448.359972, 19.4226116971
8250, 23.0000165961, 171487.682513, 19.436045871
8300, 23.0077122352, 172527.004966, 19.4494460992
8350, 23.0151696445, 173566.32733, 19.4628113492
8400, 23.0223920343, 174605.649604, 19.4761406258
8450, 23.0293826157, 175644.971788, 19.4894329707
8500, 23.0361445983, 176684.293879, 19.5026874617
8550, 23.0426811878, 177723.615877, 19.5159032113
8600, 23.0489955843, 178762.937781, 19.5290793664
8650, 23.0550909797, 179802.259589, 19.5422151073
8700, 23.0609705563, 180841.581302, 19.5553096467
8750, 23.066637485, 181880.902918, 19.5683622291
8800, 23.0720949234, 182920.224437, 19.58137213
8850, 23.0773460143, 183959.545857, 19.5943386551
8900, 23.0823938847, 184998.867179, 19.6072611394
8950, 23.0872416436, 186038.188401, 19.6201389464
9000, 23.0918923815, 187077.509523, 19.6329714679
9050, 23.0963491688, 188116.830545, 19.6457581225
9100, 23.1006150548, 189156.151466, 19.6584983555
9150, 23.1046930668, 190195.472285, 19.6711916378
9200, 23.1085862087, 191234.793003, 19.6838374655
9250, 23.1122974607, 192274.113618, 19.6964353592
9300, 23.1158297783, 193313.434132, 19.708984863
9350, 23.1191860912, 194352.754542, 19.7214855444
9400, 23.1223693031, 195392.07485, 19.733936993
9450, 23.1253822907, 196431.395055, 19.7463388207
9500, 23.1282279035, 197470.715156, 19.7586906603
9550, 23.1309089627, 198510.035155, 19.7709921655
9600, 23.1334282616, 199549.35505, 19.7832430099
9650, 23.1357885642, 200588.674841, 19.7954428868
9700, 23.1379926056, 201627.994529, 19.8075915084
9750, 23.1400430913, 202667.314114, 19.8196886053
9800, 23.1419426969, 203706.633595, 19.8317339259
9850, 23.143694068, 204745.952973, 19.8437272362
9900, 23.14529982, 205785.272248, 19.8556683189
9950, 23.1467625377, 206824.591419, 19.8675569731
10000, 23.1480847754, 207863.910488, 19.879393014
10050, 23.1492690566, 208903.229453, 19.8911762719
10100, 23.1503178742, 209942.548316, 19.9029065923
10150, 23.15123369, 210981.867076, 19.9145838352
10200, 23.1520189352, 212021.185734, 19.9262078747
10250, 23.15267601, 213060.50429, 19.9377785984
10300, 23.1532072838, 214099.822744, 19.9492959074
10350, 23.1536150951, 215139.141097, 19.9607597153
10400, 23.1539017519, 216178.459348, 19.9721699485
10450, 23.1540695315, 217217.777498, 19.9835265453
10500, 23.1541206805, 218257.095548, 19.9948294556
10550, 23.1540574155, 219296.413497, 20.0060786407
10600, 23.1538819225, 220335.731347, 20.0172740729
10650, 23.1535963577, 221375.049097, 20.0284157351
10700, 23.1532028472, 222414.366747, 20.0395036203
10750, 23.1527034877, 223453.684299, 20.0505377316
10800, 23.152100346, 224493.001753, 20.0615180818
10850, 23.1513954601, 225532.319108, 20.0724446928
10900, 23.1505908386, 226571.636366, 20.0833175955
10950, 23.1496884616, 227610.953527, 20.0941368298
11000, 23.1486902806, 228650.270591, 20.1049024436
11050, 23.1475982186, 229689.587559, 20.1156144933
11100, 23.1464141711, 230728.904431, 20.1262730429
11150, 23.1451400056, 231768.221208, 20.1368781641
11200, 23.1437775622, 232807.537889, 20.147429936
11250, 23.142328654, 233846.854477, 20.1579284445
11300, 23.1407950675, 234886.170971, 20.1683737828
11350, 23.1391785625, 235925.487371, 20.1787660502
11400, 23.1374808727, 236964.803679, 20.1891053527
11450, 23.1357037063, 238004.119894, 20.1993918023
11500, 23.1338487458, 239043.436017, 20.2096255171
11550, 23.1319176488, 240082.75205, 20.2198066205
11600, 23.1299120479, 241122.067991, 20.229935242
11650, 23.1278335518, 242161.383842, 20.2400115158
11700, 23.1256837447, 243200.699604, 20.2500355816
11750, 23.1234641877, 244240.015276, 20.2600075839
11800, 23.1211764182, 245279.33086, 20.269927672
11850, 23.1188219511, 246318.646356, 20.2797959997
11900, 23.1164022787, 247357.961765, 20.2896127251
11950, 23.1139188714, 248397.277086, 20.2993780106
12000, 23.1113731777, 249436.592321, 20.3090920228
12050, 23.1087666251, 250475.907471, 20.318754932
12100, 23.1061006202, 251515.222535, 20.3283669124
12150, 23.1033765492, 252554.537514, 20.3379281416
12200, 23.1005957785, 253593.85241, 20.3474388009
12250, 23.0977596546, 254633.167222, 20.3568990748
12300, 23.0948695054, 255672.481951, 20.366309151
12350, 23.0919266398, 256711.796598, 20.3756692202
12400, 23.0889323487, 257751.111163, 20.3849794763
12450, 23.0858879051, 258790.425646, 20.3942401156
12500, 23.082794565, 259829.740049, 20.4034513375
12550, 23.0796535674, 260869.054372, 20.4126133438
12600, 23.076466135, 261908.368616, 20.4217263389
12650, 23.0732334749, 262947.682781, 20.4307905293
12700, 23.0699567786, 263986.996867, 20.4398061241
12750, 23.066637223, 265026.310876, 20.4487733345
12800, 23.0632759706, 266065.624807, 20.4576923738
12850, 23.0598741701, 267104.938662, 20.4665634571
12900, 23.056432957, 268144.252441, 20.4753868019
12950, 23.052953454, 269183.566145, 20.484162627
13000, 23.0494367717, 270222.879773, 20.4928911534
13050, 23.0458840091, 271262.193328, 20.5015726036
13100, 23.0422962541, 272301.506809, 20.5102072016
13150, 23.038674584, 273340.820217, 20.5187951734
13200, 23.0350200665, 274380.133552, 20.527336746
13250, 23.0313337598, 275419.446815, 20.5358321481
13300, 23.0276167134, 276458.760007, 20.5442816097
13350, 23.0238699689, 277498.073128, 20.5526853623
13400, 23.0200945603, 278537.386179, 20.5610436386
13450, 23.016291515, 279576.699161, 20.5693566723
13500, 23.012461854, 280616.012073, 20.5776246987
13550, 23.0086065932, 281655.324917, 20.5858479539
13600, 23.0047267434, 282694.637693, 20.5940266753
13650, 23.0008233115, 283733.950401, 20.6021611015
13700, 22.9968973011, 284773.263043, 20.6102514719
13750, 22.9929497129, 285812.575619, 20.6182980271
13800, 22.9889815461, 286851.888129, 20.6263010087
13850, 22.9849937986, 287891.200574, 20.6342606592
13900, 22.9809874677, 288930.512954, 20.6421772222
13950, 22.9769635515, 289969.82527, 20.6500509421
14000, 22.9729230492, 291009.137523, 20.6578820644
14050, 22.9688669622, 292048.449713, 20.6656708354
14100, 22.9647962945, 293087.761841, 20.6734175025
14150, 22.9607120542, 294127.073908, 20.681122314
14200, 22.956615254, 295166.385913, 20.688785519
14250, 22.9525069121, 296205.697857, 20.6964073677
14300, 22.9483880532, 297245.009742, 20.703988111
14350, 22.9442597093, 298284.321567, 20.7115280011
14400, 22.9401229211, 299323.633333, 20.7190272911
14450, 22.9359787384, 300362.945041, 20.7264862347
14500, 22.9318282214, 301402.256691, 20.7339050872
14550, 22.9276724416, 302441.568283, 20.7412841046
14600, 22.9235124833, 303480.879819, 20.7486235438
14650, 22.9193494438, 304520.191299, 20.7559236633
14700, 22.9151844353, 305559.502724, 20.7631847222
14750, 22.9110185857, 306598.814093, 20.7704069812
14800, 22.9068530395, 307638.125408, 20.7775907018
14850, 22.9026889594, 308677.436669, 20.784736147
14900, 22.8985275271, 309716.747877, 20.791843581
14950, 22.8943699449, 310756.059031, 20.7989132695
15000, 22.8902174366, 311795.370134, 20.8059454793
15050, 22.8860712487, 312834.681185, 20.8129404788
15100, 22.8819326521, 313873.992185, 20.8198985379
15150, 22.8778029431, 314913.303134, 20.8268199282
15200, 22.8736834446, 315952.614033, 20.8337049226
15250, 22.8695755078, 316991.924883, 20.840553796
15300, 22.8654805133, 318031.235684, 20.847366825
15350, 22.861399873, 319070.546437, 20.8541442879
15400, 22.8573350306, 320109.857142, 20.8608864651
15450, 22.8532874641, 321149.167799, 20.867593639
15500, 22.8492586865, 322188.478411, 20.8742660941
15550, 22.845250248, 323227.788976, 20.8809041168
15600, 22.8412637368, 324267.099496, 20.8875079962
15650, 22.8373007814, 325306.40997, 20.8940780235
15700, 22.8333630516, 326345.720401, 20.9006144925
15750, 22.8294522605, 327385.030788, 20.9071176995
15800, 22.825570166, 328424.341132, 20.9135879435
15850, 22.8217185725, 329463.651433, 20.9200255263
15900, 22.8178993328, 330502.961693, 20.9264307526
15950, 22.8141143496, 331542.271911, 20.9328039302
16000, 22.8103655771, 332581.582088, 20.93914537
16050, 22.8066550233, 333620.892226, 20.945455386
16100, 22.8029847515, 334660.202324, 20.9517342959
16150, 22.7993568822, 335699.512383, 20.9579824207
16200, 22.7957735948, 336738.822404, 20.9642000851
16250, 22.79223713, 337778.132387, 20.9703876178
16300, 22.7887497912, 338817.442333, 20.9765453513
16350, 22.7853139466, 339856.752243, 20.9826736221
16400, 22.7819320316, 340896.062118, 20.9887727711
16450, 22.7786065501, 341935.371957, 20.9948431436
16500, 22.7753400772, 342974.681762, 21.0008850894
16550, 22.7721352608, 344013.991534, 21.0068989631
16600, 22.768994824, 345053.301273, 21.012885124
16650, 22.765921567, 346092.610979, 21.0188439368
16700, 22.7629183694, 347131.920654, 21.0247757711
16750, 22.7599881923, 348171.230298, 21.0306810021
16800, 22.7571340807, 349210.539911, 21.0365600105
16850, 22.7543591653, 350249.849496, 21.042413183
16900, 22.751666665, 351289.159052, 21.0482409119
16950, 22.7490598894, 352328.468579, 21.054043596
17000, 22.7465422406, 353367.77808, 21.0598216403
17050, 22.7441172161, 354407.087554, 21.0655754563
17100, 22.7417884104, 355446.397003, 21.0713054625
17150, 22.7395595182, 356485.706427, 21.0770120841
17200, 22.7374343363, 357525.015827, 21.0826957538
17250, 22.7354167659, 358564.325204, 21.0883569113
17300, 22.7335108154, 359603.634558, 21.0939960043
17350, 22.7317206028, 360642.943891, 21.0996134882
17400, 22.7300503579, 361682.253203, 21.1052098265
17450, 22.728504425, 362721.562496, 21.1107854909
17500, 22.7270872655, 363760.87177, 21.1163409618
17550, 22.7258034601, 364800.181025, 21.1218767284
17600, 22.7246577119, 365839.490264, 21.1273932887
17650, 22.7236548483, 366878.799487, 21.1328911503
17700, 22.7227998242, 367918.108694, 21.1383708301
17750, 22.7220977242, 368957.417888, 21.1438328548
17800, 22.7215537655, 369996.727068, 21.1492777613
17850, 22.7211733001, 371036.036236, 21.1547060966
17900, 22.7209618182, 372075.345393, 21.1601184184
17950, 22.72092495, 373114.65454, 21.1655152953
18000, 22.721068469, 374153.963678, 21.1708973068
18050, 22.7213982945, 375193.272808, 21.1762650441
18100, 22.7219204942, 376232.581931, 21.1816191097
18150, 22.722641287, 377271.891049, 21.1869601183
18200, 22.7235670458, 378311.200162, 21.192288697
18250, 22.7247043001, 379350.509271, 21.197605485
18300, 22.7260597387, 380389.818379, 21.2029111346
18350, 22.7276402126, 381429.127486, 21.2082063114
18400, 22.7294527379, 382468.436593, 21.213491694
18450, 22.731504498, 383507.745701, 21.2187679752
18500, 22.7338028469, 384547.054813, 21.2240358615
18550, 22.7363553117, 385586.363929, 21.2292960739
18600, 22.7391695956, 386625.67305, 21.2345493481
18650, 22.7422535803, 387664.982179, 21.2397964347
18700, 22.7456153291, 388704.291316, 21.2450380997
18750, 22.7492630897, 389743.600462, 21.2502751247
18800, 22.7532052966, 390782.90962, 21.2555083074
18850, 22.7574505742, 391822.218791, 21.2607384615
18900, 22.7620077396, 392861.527976, 21.2659664177
18950, 22.766885805, 393900.837177, 21.2711930233
19000, 22.772093981, 394940.146395, 21.2764191432
19050, 22.7776416787, 395979.455633, 21.2816456598
19100, 22.783538513, 397018.764891, 21.2868734736
19150, 22.7897943051, 398058.074171, 21.2921035032
19200, 22.7964190853, 399097.383476, 21.2973366863
19250, 22.8034230955, 400136.692807, 21.3025739794
19300, 22.8108167923, 401176.002165, 21.3078163583
19350, 22.8186108493, 402215.311553, 21.3130648187
19400, 22.8268161599, 403254.620972, 21.3183203765
19450, 22.8354438401, 404293.930424, 21.3235840679
19500, 22.8445052311, 405333.239912, 21.3288569501
19550, 22.8540119016, 406372.549437, 21.3341401013
19600, 22.8639756511, 407411.859001, 21.3394346216
19650, 22.8744085116, 408451.168606, 21.3447416328
19700, 22.885322751, 409490.478255, 21.3500622791
19750, 22.896730875, 410529.787949, 21.3553977274
19800, 22.90864563, 411569.097691, 21.3607491676
19850, 22.9210800057, 412608.407482, 21.3661178132
19900, 22.9340472369, 413647.717326, 21.3715049015
19950, 22.9475608067, 414687.027225, 21.3769116938
20000, 22.9616344485, 415726.33718, 21.3823394762
20050, 22.9762821486, 416765.647195, 21.3877895597
20100, 22.9915181483, 417804.957271, 21.3932632807
20150, 23.0073569462, 418844.267411, 21.3987620014
20200, 23.0238133009, 419883.577618, 21.4042871099
20250, 23.0409022327, 420922.887895, 21.409840021
20300, 23.0586390263, 421962.198243, 21.4154221764
20350, 23.0770392325, 423001.508666, 21.4210350449
20400, 23.0961186707, 424040.819167, 21.4266801233
20450, 23.1158934306, 425080.129747, 21.4323589362
20500, 23.1363798747, 426119.440411, 21.4380730366
20550, 23.1575946401, 427158.751161, 21.4438240067
20600, 23.17955464, 428198.061999, 21.4496134577
20650, 23.2022770664, 429237.37293, 21.4554430302
20700, 23.2257793914, 430276.683955, 21.4613143953
20750, 23.2500793691, 431315.995079, 21.467229254
20800, 23.2751950373, 432355.306303, 21.4731893386
20850, 23.3011447196, 433394.617633, 21.4791964121
20900, 23.3279470264, 434433.92907, 21.4852522693
20950, 23.3556208567, 435473.240618, 21.491358737
21000, 23.3841854, 436512.55228, 21.4975176742
21050, 23.4136601371, 437551.864061, 21.5037309726
21100, 23.4440648422, 438591.175963, 21.5100005572
21150, 23.4754195834, 439630.48799, 21.5163283862
21200, 23.5077447249, 440669.800145, 21.5227164519
21250, 23.5410609272, 441709.112434, 21.5291667808
21300, 23.5753891491, 442748.424858, 21.5356814338
21350, 23.6107506482, 443787.737422, 21.5422625071
21400, 23.647166982, 444827.050131, 21.5489121322
21450, 23.684660009, 445866.362987, 21.5556324761
21500, 23.7232518892, 446905.675995, 21.5624257422
21550, 23.7629650851, 447944.989159, 21.5692941701
21600, 23.8038223621, 448984.302483, 21.5762400366
21650, 23.8458467894, 450023.615972, 21.5832656553
21700, 23.8890617402, 451062.929629, 21.5903733777
21750, 23.9334908924, 452102.243459, 21.5975655928
21800, 23.9791582287, 453141.557467, 21.6048447284
21850, 24.0260880367, 454180.871657, 21.6122132504
21900, 24.0743049094, 455220.186033, 21.6196736639
21950, 24.123833745, 456259.500601, 21.6272285133
22000, 24.1746997468, 457298.815364, 21.6348803827
22050, 24.2269284232, 458338.130329, 21.6426318958
22100, 24.2805455874, 459377.445498, 21.650485717
22150, 24.3355773569, 460416.760879, 21.6584445512
22200, 24.3920501533, 461456.076474, 21.6665111442
22250, 24.4499907013, 462495.392291, 21.6746882829
22300, 24.5094260285, 463534.708333, 21.682978796
22350, 24.5703834642, 464574.024606, 21.691385554
22400, 24.6328906389, 465613.341116, 21.6999114695
22450, 24.6969754828, 466652.657867, 21.7085594977
22500, 24.7626662249, 467691.974865, 21.7173326363
22550, 24.8299913919, 468731.292116, 21.7262339262
22600, 24.8989798063, 469770.609625, 21.7352664516
22650, 24.9696605855, 470809.927399, 21.7444333402
22700, 25.0420631397, 471849.245442, 21.7537377637
22750, 25.1162171703, 472888.56376, 21.7631829377
22800, 25.1921526681, 473927.882361, 21.7727721223
22850, 25.2698999108, 474967.201249, 21.782508622
22900, 25.3494894616, 476006.52043, 21.7923957864
22950, 25.4309521659, 477045.839912, 21.8024370098
23000, 25.5143191498, 478085.159699, 21.8126357321
23050, 25.5996218168, 479124.479799, 21.8229954385
23100, 25.6868918453, 480163.800218, 21.8335196599
23150, 25.7761611858, 481203.120962, 21.8442119733
23200, 25.8674620576, 482242.442038, 21.8550760013
23250, 25.9608269458, 483281.763453, 21.8661154133
23300, 26.0562885978, 484321.085213, 21.8773339248
23350, 26.1538800198, 485360.407326, 21.8887352979
23400, 26.253634473, 486399.729797, 21.9003233415
23450, 26.35558547, 487439.052635, 21.9121019114
23500, 26.4597667707, 488478.375845, 21.9240749103
23550, 26.5662123779, 489517.699437, 21.9362462881
23600, 26.6749565329, 490557.023415, 21.9486200419
23650, 26.7860337115, 491596.347789, 21.9612002163
23700, 26.8994786186, 492635.672565, 21.9739909031
23750, 27.0153261838, 493674.997751, 21.9869962417
23800, 27.1336115559, 494714.323354, 22.000220419
23850, 27.2543700979, 495753.649383, 22.0136676698
23900, 27.3776373816, 496792.975844, 22.0273422762
23950, 27.5034491818, 497832.302746, 22.0412485683
24000, 27.6318414704, 498871.630097, 22.0553909237
24050, 27.7628504106, 499910.957904, 22.0697737679
24100, 27.8965123502, 500950.286176, 22.0844015741
24150, 28.032863816, 501989.614921, 22.0992788631
24200, 28.1719415061, 503028.944148, 22.1144102035
24250, 28.313782284, 504068.273863, 22.1298002115
24300, 28.458423171, 505107.604077, 22.1454535507
24350, 28.605901339, 506146.934797, 22.1613749324
24400, 28.7562541034, 507186.266032, 22.1775691154
24450, 28.9095189147, 508225.597791, 22.1940409054
24500, 29.0657333513, 509264.930082, 22.2107951557
24550, 29.2249351111, 510304.262914, 22.2278367665
24600, 29.387162003, 511343.596297, 22.2451706847
24650, 29.5524519385, 512382.930239, 22.2628019043
24700, 29.720842923, 513422.264749, 22.2807354656
24750, 29.8923730463, 514461.599837, 22.2989764555
24800, 30.0670804741, 515500.935511, 22.3175300067
24850, 30.2450034378, 516540.271782, 22.3364012981
24900, 30.4261802251, 517579.608658, 22.3555955543
24950, 30.6106491702, 518618.946148, 22.3751180451
25000, 30.798448643, 519658.284264, 22.3949740857
25050, 30.9896170396, 520697.623013, 22.4151690358
25100, 31.1841927706, 521736.962406, 22.4357082999
25150, 31.3822142508, 522776.302453, 22.4565973265
25200, 31.5837198882, 523815.643163, 22.4778416081
25250, 31.7887480718, 524854.984547, 22.4994466805
25300, 31.9973371607, 525894.326613, 22.5214181227
25350, 32.2095254719, 526933.669374, 22.5437615562
25400, 32.4253512681, 527973.012838, 22.5664826447
25450, 32.6448527454, 529012.357016, 22.5895870939
25500, 32.8680680204, 530051.701918, 22.6130806507
25550, 33.0950351177, 531091.047554, 22.6369691025
25600, 33.3257919563, 532130.393936, 22.6612582775
25650, 33.5603763367, 533169.741072, 22.6859540434
25700, 33.7988259265, 534209.088975, 22.7110623069
25750, 34.0411782472, 535248.437654, 22.7365890138
25800, 34.2874706597, 536287.787121, 22.7625401475
25850, 34.5377403496, 537327.137386, 22.7889217291
25900, 34.792024313, 538366.488459, 22.8157398164
25950, 35.0503593414, 539405.840352, 22.8430005031
26000, 35.3127820063, 540445.193076, 22.8707099186
26050, 35.5793286439, 541484.546641, 22.898874227
26100, 35.8500353395, 542523.901059, 22.9274996261
26150, 36.1249379113, 543563.256341, 22.9565923472
26200, 36.4040718945, 544602.612497, 22.986158654
26250, 36.6874725246, 545641.96954, 23.0162048416
26300, 36.9751747208, 546681.327479, 23.0467372364
26350, 37.267213069, 547720.686328, 23.0777621942
26400, 37.5636218049, 548760.046096, 23.1092861003
26450, 37.8644347962, 549799.406795, 23.1413153681
26500, 38.1696855249, 550838.768437, 23.173856438
26550, 38.47940707, 551878.131034, 23.2069157771
26600, 38.7936320885, 552917.494595, 23.2404998777
26650, 39.112392798, 553956.859134, 23.2746152563
26700, 39.4357209571, 554996.224662, 23.3092684528
26750, 39.7636478474, 556035.59119, 23.3444660295
26800, 40.0962042541, 557074.95873, 23.3802145698
26850, 40.433420447, 558114.327293, 23.416520677
26900, 40.7753261605, 559153.696891, 23.4533909738
26950, 41.1219505745, 560193.067537, 23.4908321002
27000, 41.4733222946, 561232.439241, 23.5288507133
27050, 41.8294693313, 562271.812015, 23.5674534853
27100, 42.1904190807, 563311.185872, 23.6066471027
27150, 42.5561983033, 564350.560822, 23.646438265
27200, 42.9268331039, 565389.936878, 23.6868336834
27250, 43.3023489105, 566429.314051, 23.7278400792
27300, 43.6827704536, 567468.692354, 23.7694641829
27350, 44.0681217448, 568508.071797, 23.8117127328
27400, 44.4584260559, 569547.452393, 23.8545924731
27450, 44.8537058972, 570586.834154, 23.8981101531
27500, 45.2539829961, 571626.217091, 23.9422725255
27550, 45.6592782753, 572665.601217, 23.9870863448
27600, 46.0696118314, 573704.986542, 24.0325583661
27650, 46.4850029125, 574744.373078, 24.0786953434
27700, 46.9054698964, 575783.760839, 24.1255040279
27750, 47.3310302689, 576823.149834, 24.172991167
27800, 47.761700601, 577862.540075, 24.2211635019
27850, 48.197496527, 578901.931576, 24.2700277667
27900, 48.6384327222, 579941.324346, 24.3195906864
27950, 49.0845228805, 580980.718398, 24.369858975
28000, 49.5357796921, 582020.113743, 24.4208393344
28050, 49.9922148209, 583059.510393, 24.4725384524
28100, 50.4538388824, 584098.908359, 24.5249630005
28150, 50.9206614209, 585138.307653, 24.578119633
28200, 51.3926908872, 586177.708285, 24.6320149846
28250, 51.8699346166, 587217.110268, 24.6866556685
28300, 52.3523988057, 588256.513613, 24.742048275
28350, 52.8400884912, 589295.918331, 24.7981993695
28400, 53.3330075266, 590335.324432, 24.8551154904
28450, 53.8311585606, 591374.731929, 24.9128031472
28500, 54.3345430152, 592414.140832, 24.9712688189
28550, 54.8431610632, 593453.551152, 25.0305189518
28600, 55.3570116067, 594492.9629, 25.0905599574
28650, 55.8760922555, 595532.376086, 25.1513982107
28700, 56.4003993052, 596571.790722, 25.213040048
28750, 56.9299277162, 597611.206818, 25.275491765
28800, 57.4646710924, 598650.624385, 25.3387596144
28850, 58.0046216601, 599690.043432, 25.4028498044
28900, 58.5497702475, 600729.463971, 25.467768496
28950, 59.1001062638, 601768.886012, 25.5335218013
29000, 59.6556176794, 602808.309563, 25.6001157814
29050, 60.2162910057, 603847.734637, 25.6675564437
29100, 60.7821112754, 604887.161242, 25.7358497405
29150, 61.3530620231, 605926.589388, 25.8050015663
29200, 61.9291252666, 606966.019085, 25.8750177559
29250, 62.5102814877, 608005.450342, 25.9459040819
29300, 63.0965096143, 609044.883169, 26.0176662529
29350, 63.6877870021, 610084.317574, 26.0903099107
29400, 64.2840894176, 611123.753568, 26.1638406288
29450, 64.8853910204, 612163.191159, 26.2382639094
29500, 65.4916643472, 613202.630355, 26.3135851817
29550, 66.102880295, 614242.071165, 26.3898097993
29600, 66.7190081058, 615281.513599, 26.4669430381
29650, 67.3400153514, 616320.957663, 26.544990094
29700, 67.9658679186, 617360.403367, 26.6239560806
29750, 68.5965299952, 618399.850718, 26.7038460268
29800, 69.2319640563, 619439.299723, 26.7846648746
29850, 69.8721308518, 620478.750392, 26.8664174768
29900, 70.5169893934, 621518.20273, 26.9491085948
29950, 71.1664969436, 622557.656745, 27.032742896
30000, 71.820609004, 623597.112445, 27.1173249519
30050, 72.4792793054, 624636.569836, 27.2028592354
30100, 73.1424597978, 625676.028924, 27.2893501188
30150, 73.8101006416, 626715.489717, 27.3768018713
30200, 74.4821501993, 627754.95222, 27.4652186569
30250, 75.1585550278, 628794.416439, 27.5546045321
30300, 75.8392598722, 629833.882381, 27.6449634432
30350, 76.5242076591, 630873.35005, 27.7362992249
30400, 77.213339492, 631912.819453, 27.8286155969
30450, 77.9065946468, 632952.290593, 27.9219161629
30500, 78.6039105685, 633991.763477, 28.0162044072
30550, 79.3052228684, 635031.238108, 28.1114836934
30600, 80.0104653222, 636070.714491, 28.2077572615
30650, 80.7195698699, 637110.192631, 28.3050282262
30700, 81.4324666149, 638149.67253, 28.4032995745
30750, 82.1490838258, 639189.154193, 28.5025741636
30800, 82.8693479381, 640228.637624, 28.6028547187
30850, 83.593183557, 641268.122824, 28.7041438309
30900, 84.3205134616, 642307.609798, 28.8064439552
30950, 85.0512586096, 643347.098547, 28.9097574082
31000, 85.7853381432, 644386.589074, 29.0140863666
31050, 86.5226693962, 645426.081381, 29.1194328645
31100, 87.2631679019, 646465.575469, 29.2257987917
31150, 88.0067474021, 647505.071341, 29.3331858919
31200, 88.7533198571, 648544.568997, 29.4415957606
31250, 89.5027954572, 649584.068438, 29.5510298432
31300, 90.2550826343, 650623.569664, 29.6614894333
31350, 91.0100880759, 651663.072677, 29.7729756706
31400, 91.7677167391, 652702.577476, 29.8854895393
31450, 92.5278718662, 653742.08406, 29.9990318665
31500, 93.2904550014, 654781.592429, 30.11360332
31550, 94.0553660086, 655821.102582, 30.229204407
31600, 94.82250309, 656860.614518, 30.3458354727
31650, 95.5917628064, 657900.128235, 30.4634966981
31700, 96.3630400984, 658939.643732, 30.5821880989
31750, 97.1362283082, 659979.161005, 30.7019095239
31800, 97.9112192036, 661018.680053, 30.8226606534
31850, 98.687903002, 662058.200873, 30.9444409981
31900, 99.4661683965, 663097.723461, 31.0672498975
31950, 100.245902582, 664137.247815, 31.1910865188
32000, 101.026991285, 665176.773929, 31.3159498556
32050, 101.809318791, 666216.3018, 31.4418387264
32100, 102.592767972, 667255.831423, 31.568751774
32150, 103.377220326, 668295.362794, 31.6966874641
32200, 104.162556001, 669334.895907, 31.8256440842
32250, 104.948653832, 670374.430757, 31.9556197431
32300, 105.735391375, 671413.967338, 32.0866123694
32350, 106.522644945, 672453.505643, 32.2186197111
32400, 107.31028965, 673493.045666, 32.3516393345
32450, 108.098199428, 674532.587401, 32.485668624
32500, 108.88624709, 675572.130839, 32.6207047807
32550, 109.674304356, 676611.675973, 32.7567448227
32600, 110.462241898, 677651.222795, 32.8937855836
32650, 111.249929379, 678690.771298, 33.0318237131
32700, 112.037235502, 679730.321471, 33.1708556756
32750, 112.824028046, 680769.873307, 33.3108777509
32800, 113.610173918, 681809.426795, 33.451886033
32850, 114.395539193, 682848.981927, 33.5938764306
32900, 115.179989163, 683888.538692, 33.7368446668
32950, 115.963388386, 684928.097079, 33.8807862789
33000, 116.745600731, 685967.657078, 34.0256966188
33050, 117.526489431, 687007.218677, 34.1715708526
33100, 118.305917127, 688046.781866, 34.3184039616
33150, 119.083745925, 689086.346633, 34.4661907416
33200, 119.859837445, 690125.912965, 34.6149258041
33250, 120.634052871, 691165.480849, 34.7646035761
33300, 121.406253006, 692205.050274, 34.9152183009
33350, 122.176298325, 693244.621225, 35.0667640386
33400, 122.944049028, 694284.19369, 35.219234667
33450, 123.709365098, 695323.767654, 35.3726238816
33500, 124.47210635, 696363.343103, 35.5269251974
33550, 125.232132492, 697402.920023, 35.6821319489
33600, 125.989303179, 698442.498399, 35.8382372914
33650, 126.743478068, 699482.078215, 35.9952342024
33700, 127.494516879, 700521.659457, 36.1531154819
33750, 128.242279447, 701561.242107, 36.3118737543
33800, 128.986625782, 702600.826152, 36.4715014694
33850, 129.72741613, 703640.411572, 36.6319909034
33900, 130.464511023, 704679.998353, 36.793334161
33950, 131.197771345, 705719.586477, 36.9555231763
34000, 131.927058387, 706759.175925, 37.1185497146
34050, 132.652233904, 707798.766682, 37.2824053741
34100, 133.373160177, 708838.358728, 37.4470815874
34150, 134.089700068, 709877.952046, 37.6125696234
34200, 134.801717079, 710917.546616, 37.7788605891
34250, 135.509075414, 711957.142421, 37.9459454319
34300, 136.211640033, 712996.73944, 38.1138149407
34350, 136.90927671, 714036.337654, 38.282459749
34400, 137.601852095, 715075.937044, 38.4518703363
34450, 138.289233767, 716115.537589, 38.6220370308
34500, 138.971290294, 717155.139269, 38.7929500111
34550, 139.647891289, 718194.742065, 38.9645993093
34600, 140.318907467, 719234.345954, 39.1369748126
34650, 140.984210701, 720273.950916, 39.3100662664
34700, 141.643674077, 721313.55693, 39.4838632764
34750, 142.29717195, 722353.163973, 39.6583553115
34800, 142.944579999, 723392.772025, 39.8335317062
34850, 143.585775278, 724432.381064, 40.0093816635
34900, 144.220636275, 725471.991066, 40.1858942576
34950, 144.849042959, 726511.60201, 40.3630584367
35000, 145.470876835, 727551.213874, 40.5408630259
35050, 146.086020994, 728590.826633, 40.7192967301
35100, 146.694360162, 729630.440265, 40.8983481369
35150, 147.295780756, 730670.054748, 41.0780057201
35200, 147.890170923, 731709.670057, 41.258257842
35250, 148.477420594, 732749.286168, 41.4390927572
35300, 149.05742153, 733788.903059, 41.6204986155
35350, 149.630067366, 734828.520705, 41.802463465
35400, 150.195253658, 735868.139081, 41.9849752556
35450, 150.752877923, 736907.758165, 42.1680218422
35500, 151.302839685, 737947.37793, 42.351590988
35550, 151.845040516, 738986.998354, 42.5356703679
35600, 152.379384073, 740026.61941, 42.7202475718
35650, 152.905776141, 741066.241074, 42.9053101081
35700, 153.424124669, 742105.863322, 43.0908454075
35750, 153.934339807, 743145.486127, 43.2768408258
35800, 154.43633394, 744185.109466, 43.4632836481
35850, 154.930021723, 745224.733312, 43.6501610917
35900, 155.415320114, 746264.35764, 43.8374603102
35950, 155.892148405, 747303.982425, 44.025168397
36000, 156.360428252, 748343.607642, 44.2132723886
36050, 156.820083702, 749383.233264, 44.4017592684
36100, 157.271041222, 750422.859266, 44.5906159705
36150, 157.713229725, 751462.485622, 44.7798293829
36200, 158.146580593, 752502.112307, 44.9693863515
36250, 158.571027699, 753541.739294, 45.159273684
36300, 158.98650743, 754581.366558, 45.3494781527
36350, 159.392958708, 755620.994073, 45.5399864991
36400, 159.790323004, 756660.621812, 45.7307854369
36450, 160.178544359, 757700.249751, 45.9218616563
36500, 160.557569398, 758739.877863, 46.1132018269
36550, 160.927347344, 759779.506122, 46.304792602
36600, 161.287830028, 760819.134502, 46.4966206218
36650, 161.638971905, 761858.762977, 46.6886725175
36700, 161.980730058, 762898.391522, 46.8809349145
36750, 162.313064209, 763938.02011, 47.0733944362
36800, 162.635936722, 764977.648716, 47.2660377077
36850, 162.949312614, 766017.277314, 47.4588513592
36900, 163.25315955, 767056.905878, 47.6518220295
36950, 163.547447853, 768096.534382, 47.8449363701
37000, 163.832150496, 769136.162801, 48.0381810479
37050, 164.107243109, 770175.791109, 48.2315427493
37100, 164.372703969, 771215.419281, 48.4250081835
37150, 164.628514002, 772255.047291, 48.6185640858
37200, 164.874656771, 773294.675115, 48.8121972212
37250, 165.111118477, 774334.302726, 49.0058943879
37300, 165.337887941, 775373.930099, 49.1996424202
37350, 165.554956603, 776413.557211, 49.3934281923
37400, 165.762318505, 777453.184035, 49.5872386213
37450, 165.959970281, 778492.810547, 49.7810606703
37500, 166.147911141, 779532.436723, 49.9748813522
37550, 166.326142858, 780572.062537, 50.1686877322
37600, 166.49466975, 781611.687966, 50.3624669312
37650, 166.653498662, 782651.312985, 50.5562061291
37700, 166.802638949, 783690.93757, 50.7498925673
37750, 166.942102452, 784730.561698, 50.9435135521
37800, 167.071903479, 785770.185344, 51.1370564575
37850, 167.192058781, 786809.808485, 51.3305087281
37900, 167.302587531, 787849.431097, 51.5238578821
37950, 167.403511294, 788889.053157, 51.7170915136
38000, 167.494854005, 789928.674643, 51.9101972959
38050, 167.576641941, 790968.295531, 52.1031629839
38100, 167.648903689, 792007.915798, 52.2959764168
38150, 167.711670125, 793047.535423, 52.4886255204
38200, 167.764974376, 794087.154382, 52.6810983102
38250, 167.80885179, 795126.772654, 52.8733828933
38300, 167.84333991, 796166.390216, 53.0654674712
38350, 167.868478434, 797206.007048, 53.2573403417
38400, 167.884309184, 798245.623128, 53.4489899016
38450, 167.890876074, 799285.238434, 53.6404046489
38500, 167.888225071, 800324.852945, 53.8315731846
38550, 167.876404159, 801364.466642, 54.0224842153
38600, 167.855463306, 802404.079502, 54.2131265548
38650, 167.825454422, 803443.691507, 54.4034891265
38700, 167.786431326, 804483.302635, 54.5935609648
38750, 167.738449703, 805522.912868, 54.7833312176
38800, 167.681567067, 806562.522185, 54.9727891475
38850, 167.615842719, 807602.130567, 55.161924134
38900, 167.541337712, 808641.737996, 55.3507256749
38950, 167.458114805, 809681.344452, 55.5391833881
39000, 167.366238424, 810720.949917, 55.7272870128
39050, 167.265774621, 811760.554372, 55.9150264114
39100, 167.156791032, 812800.1578, 56.1023915707
39150, 167.039356835, 813839.760183, 56.2893726035
39200, 166.913542705, 814879.361503, 56.4759597495
39250, 166.779420777, 815918.961744, 56.6621433767
39300, 166.637064599, 816958.560888, 56.8479139828
39350, 166.486549087, 817998.158918, 57.033262196
39400, 166.327950489, 819037.755819, 57.2181787763
39450, 166.161346333, 820077.351574, 57.4026546164
39500, 165.986815393, 821116.946167, 57.5866807424
39550, 165.804437636, 822156.539583, 57.770248315
39600, 165.614294185, 823196.131806, 57.9533486301
39650, 165.416467274, 824235.722823, 58.1359731198
39700, 165.211040205, 825275.312617, 58.3181133527
39750, 164.998097301, 826314.901174, 58.4997610348
39800, 164.777723868, 827354.488481, 58.68090801
39850, 164.55000615, 828394.074523, 58.8615462606
39900, 164.315031284, 829433.659288, 59.0416679079
39950, 164.072887259, 830473.242761, 59.2212652122
40000, 163.823662873, 831512.82493, 59.4003305737
40050, 163.567447693, 832552.405782, 59.5788565323
40100, 163.304332007, 833591.985305, 59.7568357681
40150, 163.034406789, 834631.563486, 59.9342611014
40200, 162.757763653, 835671.140314, 60.1111254932
40250, 162.474494812, 836710.715778, 60.2874220446
40300, 162.184693039, 837750.289865, 60.4631439976
40350, 161.888451626, 838789.862566, 60.6382847344
40400, 161.585864344, 839829.433868, 60.8128377779
40450, 161.2770254, 840869.003763, 60.9867967911
40500, 160.962029403, 841908.57224, 61.1601555772
40550, 160.640971322, 842948.139288, 61.3329080791
40600, 160.313946448, 843987.704899, 61.5050483797
40650, 159.981050356, 845027.269064, 61.6765707008
40700, 159.642378867, 846066.831773, 61.8474694035
40750, 159.298028013, 847106.393017, 62.0177389871
40800, 158.948093998, 848145.952788, 62.1873740893
40850, 158.592673166, 849185.511079, 62.3563694853
40900, 158.231861961, 850225.06788, 62.5247200873
40950, 157.865756893, 851264.623185, 62.6924209443
41000, 157.494454509, 852304.176987, 62.8594672408
41050, 157.118051353, 853343.729277, 63.025854297
41100, 156.736643935, 854383.28005, 63.1915775674
41150, 156.350328701, 855422.829299, 63.3566326406
41200, 155.959201997, 856462.377017, 63.521015238
41250, 155.563360041, 857501.9232, 63.6847212138
41300, 155.162898891, 858541.46784, 63.8477465533
41350, 154.757914416, 859581.010932, 64.0100873728
41400, 154.348502266, 860620.552472, 64.1717399182
41450, 153.934757842, 861660.092454, 64.3327005645
41500, 153.516776271, 862699.630874, 64.4929658144
41550, 153.094652376, 863739.167727, 64.6525322978
41600, 152.66848065, 864778.70301, 64.8113967704
41650, 152.23835523, 865818.236717, 64.9695561133
41700, 151.804369873, 866857.768845, 65.1270073309
41750, 151.366617927, 867897.299392, 65.2837475512
41800, 150.925192313, 868936.828353, 65.4397740233
41850, 150.480185496, 869976.355725, 65.5950841175
41900, 150.031689465, 871015.881507, 65.7496753234
41950, 149.579795711, 872055.405695, 65.903545249
42000, 149.124595204, 873094.928287, 66.0566916197
42050, 148.666178373, 874134.449282, 66.2091122766
42100, 148.204635087, 875173.968676, 66.3608051759
42150, 147.740054633, 876213.486469, 66.5117683873
42200, 147.272525699, 877253.00266, 66.662000093
42250, 146.802136355, 878292.517246, 66.8114985861
42300, 146.328974036, 879332.030227, 66.9602622696
42350, 145.853125524, 880371.541603, 67.1082896553
42400, 145.374676934, 881411.051372, 67.2555793619
42450, 144.893713695, 882450.559535, 67.4021301143
42500, 144.410320538, 883490.066091, 67.5479407421
42550, 143.924581479, 884529.571041, 67.6930101782
42600, 143.436579806, 885569.074383, 67.8373374572
42650, 142.946398069, 886608.57612, 67.9809217149
42700, 142.454118061, 887648.076252, 68.1237621859
42750, 141.959820811, 888687.574779, 68.2658582032
42800, 141.463586573, 889727.071702, 68.407209196
42850, 140.965494808, 890766.567023, 68.5478146891
42900, 140.465624185, 891806.060743, 68.687674301
42950, 139.96405256, 892845.552863, 68.8267877425
43000, 139.460856975, 893885.043386, 68.965154816
43050, 138.956113645, 894924.532313, 69.1027754131
43100, 138.449897952, 895964.019646, 69.2396495142
43150, 137.942284434, 897003.505387, 69.3757771864
43200, 137.433346784, 898042.989539, 69.5111585826
43250, 136.923157839, 899082.472105, 69.6457939397
43300, 136.411789572, 900121.953086, 69.7796835776
43350, 135.899313093, 901161.432487, 69.9128278977
43400, 135.385798639, 902200.910309, 70.0452273813
43450, 134.871315569, 903240.386556, 70.1768825885
43500, 134.355932364, 904279.861231, 70.3077941567
43550, 133.83971662, 905319.334338, 70.4379627994
43600, 133.322735045, 906358.805881, 70.5673893045
43650, 132.805053457, 907398.275862, 70.6960745333
43700, 132.286736782, 908437.744286, 70.8240194188
43750, 131.767849052, 909477.211157, 70.9512249648
43800, 131.248453401, 910516.676478, 71.077692244
43850, 130.728612067, 911556.140255, 71.203422397
43900, 130.208386391, 912595.60249, 71.3284166312
43950, 129.687836815, 913635.06319, 71.4526762189
44000, 129.167022881, 914674.522358, 71.5762024963
44050, 128.646003237, 915713.98, 71.6989968622
44100, 128.124835629, 916753.436119, 71.8210607768
44150, 127.603576911, 917792.89072, 71.94239576
44200, 127.082283039, 918832.34381, 72.0630033906
44250, 126.561009079, 919871.795392, 72.1828853048
44300, 126.039809204, 920911.245473, 72.3020431947
44350, 125.518736698, 921950.694057, 72.4204788075
44400, 124.997843959, 922990.141149, 72.538193944
44450, 124.477182504, 924029.586756, 72.6551904574
44500, 123.956802968, 925069.030883, 72.771470252
44550, 123.436755109, 926108.473536, 72.8870352821
44600, 122.917087813, 927147.914719, 73.0018875508
44650, 122.397849098, 928187.35444, 73.1160291087
44700, 121.879086115, 929226.792704, 73.2294620527
44750, 121.360845158, 930266.229517, 73.342188525
44800, 120.843171662, 931305.664885, 73.4542107119
44850, 120.326110212, 932345.098815, 73.5655308424
44900, 119.809704551, 933384.531312, 73.6761511874
44950, 119.293997576, 934423.962382, 73.7860740584
45000, 118.779031353, 935463.392033, 73.8953018065
45050, 118.264847118, 936502.82027, 74.0038368209
45100, 117.751485283, 937542.247101, 74.1116815285
45150, 117.238985442, 938581.672531, 74.2188383924
45200, 116.72738638, 939621.096567, 74.3253099106
45250, 116.216726075, 940660.519216, 74.4310986157
45300, 115.707041707, 941699.940485, 74.536207073
45350, 115.198369665, 942739.360379, 74.6406378802
45400, 114.690745552, 943778.778907, 74.7443936658
45450, 114.184204193, 944818.196075, 74.8474770886
45500, 113.678779641, 945857.61189, 74.9498908365
45550, 113.174505186, 946897.026359, 75.0516376252
45600, 112.671413361, 947936.439488, 75.152720198
45650, 112.169535948, 948975.851285, 75.2531413242
45700, 111.668903988, 950015.261757, 75.3529037984
45750, 111.169547785, 951054.670911, 75.4520104396
45800, 110.671496919, 952094.078755, 75.5504640903
45850, 110.174780248, 953133.485294, 75.6482676154
45900, 109.679425917, 954172.890537, 75.7454239017
45950, 109.18546137, 955212.294491, 75.8419358568
46000, 108.692913352, 956251.697162, 75.9378064083
46050, 108.20180792, 957291.098559, 76.0330385027
46100, 107.712170451, 958330.498688, 76.1276351052
46150, 107.224025648, 959369.897558, 76.2215991981
46200, 106.73739755, 960409.295174, 76.3149337807
46250, 106.252309541, 961448.691545, 76.4076418682
46300, 105.768784353, 962488.086678, 76.4997264906
46350, 105.28684408, 963527.480581, 76.5911906928
46400, 104.806510184, 964566.87326, 76.6820375329
46450, 104.327803499, 965606.264723, 76.7722700821
46500, 103.850744248, 966645.654979, 76.8618914238
46550, 103.375352042, 967685.044033, 76.9509046527
46600, 102.901645893, 968724.431894, 77.0393128743
46650, 102.429644222, 969763.818569, 77.1271192044
46700, 101.959364866, 970803.204065, 77.2143267679
46750, 101.490825086, 971842.58839, 77.3009386987
46800, 101.024041577, 972881.971552, 77.3869581386
46850, 100.559030474, 973921.353558, 77.472388237
46900, 100.095807359, 974960.734416, 77.5572321501
46950, 99.6343872742, 976000.114132, 77.6414930402
47000, 99.1747847238, 977039.492715, 77.7251740755
47050, 98.7170136864, 978078.870172, 77.808278429
47100, 98.2610876212, 979118.246511, 77.8908092782
47150, 97.8070194762, 980157.621738, 77.9727698045
47200, 97.3548216965, 981196.995862, 78.0541631928
47250, 96.9045062313, 982236.368889, 78.1349926306
47300, 96.456084543, 983275.740828, 78.2152613077
47350, 96.0095676137, 984315.111686, 78.2949724157
47400, 95.5649659541, 985354.48147, 78.3741291474
47450, 95.1222896105, 986393.850188, 78.4527346964
47500, 94.6815481726, 987433.217847, 78.5307922565
47550, 94.2427507814, 988472.584455, 78.6083050213
47600, 93.8059061366, 989511.950018, 78.6852761835
47650, 93.3710225039, 990551.314545, 78.761708935
47700, 92.9381077228, 991590.678043, 78.8376064659
47750, 92.5071692139, 992630.040519, 78.9129719642
47800, 92.0782139863, 993669.40198, 78.9878086157
47850, 91.6512486448, 994708.762434, 79.0621196031
47900, 91.226279397, 995748.121888, 79.1359081058
47950, 90.8033120608, 996787.48035, 79.2091772996
48000, 90.3823520714, 997826.837826, 79.2819303564
48050, 89.9634044883, 998866.194324, 79.3541704433
48100, 89.5464740021, 999905.549852, 79.4259007229
48150, 89.131564942, 1000944.90442, 79.4971243524
48200, 88.7186812818, 1001984.25802, 79.5678444837
48250, 88.3078266477, 1003023.61068, 79.6380642627
48300, 87.8990043239, 1004062.9624, 79.707786829
48350, 87.4922172603, 1005102.31318, 79.777015316
48400, 87.0874680784, 1006141.66303, 79.8457528498
48450, 86.6847590782, 1007181.01196, 79.9140025499
48500, 86.2840922441, 1008220.35998, 79.9817675279
48550, 85.8854692521, 1009259.70709, 80.0490508879
48600, 85.4888914755, 1010299.05331, 80.1158557259
48650, 85.0943599911, 1011338.39863, 80.1821851296
48700, 84.7018755857, 1012377.74306, 80.2480421783
48750, 84.311438762, 1013417.08662, 80.3134299423
48800, 83.9230497448, 1014456.4293, 80.3783514829
48850, 83.5367084865, 1015495.77112, 80.442809852
48900, 83.1524146734, 1016535.11208, 80.5068080921
48950, 82.7701677314, 1017574.45219, 80.5703492358
49000, 82.3899668315, 1018613.79145, 80.6334363058
49050, 82.0118108959, 1019653.12988, 80.6960723144
49100, 81.6356986031, 1020692.46747, 80.7582602637
49150, 81.2616283936, 1021731.80424, 80.820003145
49200, 80.8895984755, 1022771.1402, 80.8813039388
49250, 80.5196068294, 1023810.47534, 80.9421656146
49300, 80.1516512145, 1024849.80968, 81.0025911308
49350, 79.7857291727, 1025889.14321, 81.0625834342
49400, 79.4218380348, 1026928.47596, 81.1221454603
49450, 79.059974925, 1027967.80793, 81.1812801326
49500, 78.7001367658, 1029007.13911, 81.239990363
49550, 78.3423202834, 1030046.46952, 81.2982790512
49600, 77.9865220122, 1031085.79917, 81.3561490849
49650, 77.6327382998, 1032125.12806, 81.4136033393
49700, 77.2809653113, 1033164.45619, 81.4706446772
49750, 76.9311990344, 1034203.78358, 81.5272759488
49800, 76.583435284, 1035243.11023, 81.5834999918
49850, 76.2376697063, 1036282.43614, 81.6393196308
49900, 75.8938977834, 1037321.76133, 81.6947376775
49950, 75.5521148379, 1038361.08579, 81.7497569308
