T, Cp, H, S
300, 20.7861495, 6235.84485, 11.5262887365
350, 20.7861495, 7275.152325, 11.5262887365
400, 20.7861495, 8314.4598, 11.5262887365
450, 20.7861495, 9353.767275, 11.5262887365
500, 20.7861495, 10393.07475, 11.5262887365
550, 20.7861495, 11432.382225, 11.5262887365
600, 20.7861495, 12471.6897, 11.5262887365
650, 20.7861495, 13510.997175, 11.5262887365
700, 20.7861495, 14550.30465, 11.5262887365
750, 20.7861495, 15589.612125, 11.5262887365
800, 20.7861495, 16628.9196, 11.5262887365
850, 20.7861495002, 17668.227075, 11.5262887365
900, 20.7861495009, 18707.53455, 11.5262887365
950, 20.786149504, 19746.842025, 11.5262887366
1000, 20.7861495154, 20786.1495, 11.5262887371
1050, 20.7861495521, 21825.456975, 11.5262887385
1100, 20.7861496571, 22864.76445, 11.526288743
1150, 20.7861499291, 23904.071925, 11.5262887551
1200, 20.7861505738, 24943.3794001, 11.5262887851
1250, 20.7861519887, 25982.6868752, 11.526288854
1300, 20.7861548902, 27021.9943505, 11.5262890017
1350, 20.7861604934, 28061.3018261, 11.5262892991
1400, 20.7861707522, 29100.6093022, 11.5262898664
1450, 20.7861886623, 30139.9167791, 11.5262908966
1500, 20.7862186257, 31179.2242575, 11.5262926875
1550, 20.7862668713, 32218.5317382, 11.5262956805
1600, 20.7863419175, 33257.8392223, 11.5263005075
1650, 20.786455063, 34297.1467114, 11.5263080457
1700, 20.7866208852, 35336.4542079, 11.5263194785
1750, 20.7868577264, 36375.7617146, 11.5263363621
1800, 20.7871881459, 37415.0692351, 11.5263606963
1850, 20.7876393196, 38454.3767742, 11.5263949965
1900, 20.788243369, 39493.6843375, 11.526442367
1950, 20.7890376061, 40532.991932, 11.5265065713
2000, 20.7900646848, 41572.2995658, 11.5265920989
2050, 20.791372651, 42611.6072487, 11.5267042263
2100, 20.7930148917, 43650.9149916, 11.5268490708
2150, 20.7950499831, 44690.2228074, 11.5270336355
2200, 20.7975414439, 45729.5307103, 11.5272658444
2250, 20.8005574009, 46768.8387164, 11.527554567
2300, 20.8041701765, 47808.1468431, 11.5279096324
2350, 20.8084558104, 48847.4551099, 11.5283418316
2400, 20.8134935264, 49886.7635377, 11.5288629095
2450, 20.8193651589, 50926.072149, 11.5294855459
2500, 20.8261545486, 51965.3809677, 11.5302233268
2550, 20.8339469225, 53004.6900194, 11.5310907061
2600, 20.8428282676, 54043.9993308, 11.532102959
2650, 20.8528847088, 55083.3089299, 11.5332761283
2700, 20.8642019006, 56122.618846, 11.5346269633
2750, 20.8768644406, 57161.929109, 11.5361728547
2800, 20.8909553099, 58201.2397499, 11.5379317633
2850, 20.9065553484, 59240.5508004, 11.5399221472
2900, 20.9237427662, 60279.8622927, 11.5421628852
2950, 20.9425926974, 61319.1742594, 11.5446731993
3000, 20.9631767951, 62358.4867334, 11.5474725765
3050, 20.9855628715, 63397.7997478, 11.5505806905
3100, 21.0098145817, 64437.1133355, 11.5540173249
3150, 21.035991152, 65476.4275295, 11.5578022971
3200, 21.0641471507, 66515.7423623, 11.5619553846
3250, 21.0943323012, 67555.0578662, 11.5664962537
3300, 21.1265913351, 68594.3740728, 11.5714443914
3350, 21.1609638822, 69633.6910131, 11.57681904
3400, 21.1974843977, 70673.0087175, 11.5826391355
3450, 21.2361821214, 71712.3272155, 11.5889232495
3500, 21.2770810682, 72751.6465356, 11.5956895355
3550, 21.3202000464, 73790.9667053, 11.6029556777
3600, 21.3655527025, 74830.2877511, 11.6107388458
3650, 21.413147588, 75869.6096984, 11.6190556516
3700, 21.4629882477, 76908.9325712, 11.6279221114
3750, 21.5150733267, 77948.2563925, 11.6373536111
3800, 21.5693966926, 78987.5811837, 11.6473648754
3850, 21.6259475727, 80026.9069651, 11.6579699411
3900, 21.6847107033, 81066.2337555, 11.6691821334
3950, 21.7456664883, 82105.5615723, 11.6810140462
4000, 21.8087911681, 83144.8904317, 11.6934775252
4050, 21.8740569935, 84184.2203483, 11.7065836546
4100, 21.9414324071, 85223.5513351, 11.7203427465
4150, 22.0108822273, 86262.8834039, 11.7347643334
4200, 22.0823678363, 87302.2165651, 11.7498571633
4250, 22.15584737, 88341.5508274, 11.7656291972
4300, 22.2312759082, 89380.8861983, 11.7820876088
4350, 22.3086056654, 90420.2226839, 11.7992387873
4400, 22.3877861812, 91459.5602888, 11.817088341
4450, 22.4687645082, 92498.8990162, 11.8356411039
4500, 22.551485399, 93538.2388682, 11.8549011431
4550, 22.63589149, 94577.5798452, 11.8748717687
4600, 22.7219234825, 95616.9219466, 11.8955555446
4650, 22.8095203199, 96656.2651705, 11.9169543008
4700, 22.8986193619, 97695.6095135, 11.9390691468
4750, 22.9891565536, 98734.9549715, 11.9619004866
4800, 23.0810665909, 99774.3015387, 11.9854480339
4850, 23.1742830813, 100813.649209, 12.0097108288
4900, 23.2687386999, 101852.997973, 12.0346872552
4950, 23.3643653404, 102892.347824, 12.0603750585
5000, 23.4610942614, 103931.698751, 12.0867713641
5050, 23.5588562274, 104971.050743, 12.1138726971
5100, 23.6575816448, 106010.403789, 12.1416750008
5150, 23.7572006934, 107049.757875, 12.1701736573
5200, 23.8576434514, 108089.112989, 12.1993635073
5250, 23.9588400173, 109128.469117, 12.2292388704
5300, 24.0607206246, 110167.826242, 12.2597935659
5350, 24.1632157535, 111207.184349, 12.2910209331
5400, 24.2662562365, 112246.543422, 12.3229138518
5450, 24.3697733593, 113285.903443, 12.3554647635
5500, 24.4736989577, 114325.264395, 12.3886656916
5550, 24.5779655089, 115364.626259, 12.4225082617
5600, 24.6825062195, 116403.989016, 12.4569837228
5650, 24.7872551078, 117443.352647, 12.4920829668
5700, 24.8921470833, 118482.717131, 12.5277965489
5750, 24.9971180211, 119522.08245, 12.5641147074
5800, 25.1021048329, 120561.448581, 12.6010273835
5850, 25.2070455347, 121600.815503, 12.6385242405
5900, 25.31187931, 122640.183196, 12.6765946829
5950, 25.4165465704, 123679.551638, 12.7152278755
6000, 25.5209890134, 124718.920806, 12.7544127618
6050, 25.6251496762, 125758.290678, 12.7941380822
6100, 25.728972988, 126797.661233, 12.8343923918
6150, 25.8324048187, 127837.032446, 12.8751640785
6200, 25.9353925266, 128876.404297, 12.9164413796
6250, 26.0378850028, 129915.776761, 12.9582123995
6300, 26.1398327146, 130955.149817, 13.0004651257
6350, 26.2411877472, 131994.52344, 13.0431874455
6400, 26.3419038441, 133033.897609, 13.0863671617
6450, 26.4419364459, 134073.2723, 13.1299920087
6500, 26.5412427293, 135112.64749, 13.1740496673
6550, 26.6397816443, 136152.023157, 13.2185277805
6600, 26.7375139523, 137191.399277, 13.2634139677
6650, 26.8344022628, 138230.775829, 13.3086958393
6700, 26.9304110713, 139270.152789, 13.3543610113
6750, 27.0255067971, 140309.530135, 13.400397119
6800, 27.1196578216, 141348.907846, 13.4467918306
6850, 27.2128345279, 142388.285898, 13.4935328614
6900, 27.3050093409, 143427.664271, 13.5406079864
6950, 27.3961567691, 144467.042942, 13.5880050539
7000, 27.4862534478, 145506.421891, 13.6357119984
7050, 27.5752781839, 146545.801097, 13.6837168535
7100, 27.663212003, 147585.180539, 13.7320077644
7150, 27.7500381979, 148624.560196, 13.7805730006
7200, 27.8357423802, 149663.940049, 13.8294009686
7250, 27.9203125336, 150703.320077, 13.8784802242
7300, 28.0037390706, 151742.700263, 13.9277994847
7350, 28.0860148911, 152782.080586, 13.9773476416
7400, 28.1671354448, 153821.46103, 14.0271137728
7450, 28.2470987958, 154860.841574, 14.0770871548
7500, 28.3259056908, 155900.222203, 14.1272572756
7550, 28.4035596306, 156939.6029, 14.1776138464
7600, 28.4800669443, 157978.983647, 14.2281468147
7650, 28.5554368677, 159018.364428, 14.278846377
7700, 28.6296816245, 160057.74523, 14.3297029908
7750, 28.7028165111, 161097.126036, 14.3807073883
7800, 28.7748599847, 162136.506832, 14.4318505885
7850, 28.8458337555, 163175.887605, 14.4831239114
7900, 28.9157628813, 164215.268343, 14.5345189903
7950, 28.9846758664, 165254.649032, 14.5860277861
8000, 29.0526047636, 166294.029661, 14.6376426003
8050, 29.1195852789, 167333.410219, 14.6893560896
8100, 29.1856568805, 168372.790696, 14.7411612798
8150, 29.2508629098, 169412.171083, 14.79305158
8200, 29.3152506962, 170451.55137, 14.8450207977
8250, 29.378871674, 171490.931551, 14.8970631531
8300, 29.441781503, 172530.311618, 14.949173295
8350, 29.5040401904, 173569.691566, 15.0013463156
8400, 29.5657122162, 174609.071388, 15.0535777669
8450, 29.62686666, 175648.45108, 15.105863676
8500, 29.6875773299, 176687.83064, 15.1582005619
8550, 29.7479228935, 177727.210065, 15.2105854519
8600, 29.8079870097, 178766.589352, 15.2630158984
8650, 29.8678584625, 179805.968503, 15.3154899962
8700, 29.9276312951, 180845.347518, 15.3680064
8750, 29.9874049454, 181884.726398, 15.4205643417
8800, 30.0472843809, 182924.105146, 15.4731636486
8850, 30.1073802344, 183963.483767, 15.5258047619
8900, 30.1678089399, 185002.862265, 15.5784887546
8950, 30.2286928667, 186042.240647, 15.6312173507
9000, 30.2901604535, 187081.618921, 15.6839929439
9050, 30.3523463413, 188120.997096, 15.7368186167
9100, 30.4153915043, 189160.375182, 15.78969816
9150, 30.4794433789, 190199.75319, 15.8426360923
9200, 30.544655991, 191239.131134, 15.8956376799
9250, 30.6111900791, 192278.509029, 15.9487089561
9300, 30.6792132164, 193317.886889, 16.0018567416
9350, 30.7488999273, 194357.264733, 16.0550886646
9400, 30.820431801, 195396.642579, 16.1084131806
9450, 30.8939976011, 196436.020448, 16.1618395931
9500, 30.9697933692, 197475.398362, 16.2153780733
9550, 31.0480225241, 198514.776345, 16.2690396809
9600, 31.1288959553, 199554.154422, 16.3228363839
9650, 31.2126321097, 200593.53262, 16.3767810788
9700, 31.2994570723, 201632.910968, 16.430887611
9750, 31.3896046395, 202672.289496, 16.4851707943
9800, 31.4833163846, 203711.668237, 16.5396464312
9850, 31.5808417156, 204751.047225, 16.5943313319
9900, 31.6824379236, 205790.426496, 16.6492433342
9950, 31.7883702231, 206829.806088, 16.7044013224
10000, 31.8989117814, 207869.186041, 16.7598252461
10050, 32.014343739, 208908.566397, 16.8155361388
10100, 32.1349552179, 209947.9472, 16.8715561357
10150, 32.2610433195, 210987.328495, 16.9279084918
10200, 32.3929131101, 212026.710331, 16.9846175985
10250, 32.5308775941, 213066.092757, 17.0417090007
10300, 32.6752576736, 214105.475826, 17.0992094128
10350, 32.8263820949, 215144.859592, 17.1571467341
10400, 32.9845873802, 216184.244111, 17.2155500636
10450, 33.1502177441, 217223.629442, 17.274449714
10500, 33.3236249951, 218263.015646, 17.3338772252
10550, 33.5051684202, 219302.402786, 17.3938653768
10600, 33.6952146529, 220341.790926, 17.4544481995
10650, 33.8941375233, 221381.180135, 17.5156609858
10700, 34.1023178902, 222420.570482, 17.5775403001
10750, 34.3201434536, 223459.962039, 17.6401239867
10800, 34.5480085484, 224499.354881, 17.7034511776
10850, 34.7863139172, 225538.749084, 17.7675622991
10900, 35.0354664616, 226578.144727, 17.8324990764
10950, 35.2958789727, 227617.541891, 17.8983045378
11000, 35.5679698382, 228656.940661, 17.965023017
11050, 35.8521627269, 229696.34112, 18.0327001538
11100, 36.1488862489, 230735.743359, 18.1013828942
11150, 36.4585735916, 231775.147466, 18.1711194878
11200, 36.7816621304, 232814.553536, 18.2419594843
11250, 37.1185930127, 233853.961662, 18.3139537281
11300, 37.4698107169, 234893.371941, 18.3871543509
11350, 37.8357625826, 235932.784475, 18.4616147631
11400, 38.2168983138, 236972.199362, 18.5373896422
11450, 38.6136694538, 238011.616709, 18.6145349201
11500, 39.0265288308, 239051.03662, 18.6931077684
11550, 39.4559299742, 240090.459203, 18.7731665807
11600, 39.9023265012, 241129.884568, 18.8547709533
11650, 40.3661714724, 242169.312828, 18.9379816637
11700, 40.8479167178, 243208.744097, 19.0228606465
11750, 41.3480121307, 244248.178489, 19.1094709669
11800, 41.8669049309, 245287.616123, 19.1978767916
11850, 42.4050388966, 246327.057119, 19.2881433573
11900, 42.9628535644, 247366.501597, 19.3803369367
11950, 43.540783398, 248405.94968, 19.4745248015
12000, 44.1392569255, 249445.401493, 19.5707751825
12050, 44.7586958454, 250484.857162, 19.6691572276
12100, 45.3995141017, 251524.316813, 19.7697409561
12150, 46.0621169281, 252563.780575, 19.8725972103
12200, 46.7468998633, 253603.248578, 19.9777976046
12250, 47.4542477354, 254642.720953, 20.0854144706
12300, 48.1845336192, 255682.19783, 20.1955208003
12350, 48.9381177649, 256721.679344, 20.3081901851
12400, 49.7153465013, 257761.165626, 20.4234967522
12450, 50.516551113, 258800.656811, 20.5415150976
12500, 51.3420466943, 259840.153032, 20.6623202162
12550, 52.1921309812, 260879.654426, 20.7859874286
12600, 53.0670831623, 261919.161125, 20.912592304
12650, 53.9671626725, 262958.673265, 21.042210581
12700, 54.8926079699, 263998.190981, 21.1749180842
12750, 55.8436352992, 265037.714406, 21.3107906381
12800, 56.8204374439, 266077.243675, 21.4499039781
12850, 57.8231824702, 267116.77892, 21.5923336573
12900, 58.8520124662, 268156.320274, 21.7381549515
12950, 59.9070422782, 269195.867867, 21.8874427601
13000, 60.9883582492, 270235.42183, 22.0402715049
13050, 62.0960169617, 271274.982291, 22.1967150252
13100, 63.2300439905, 272314.549377, 22.3568464708
13150, 64.3904326677, 273354.123213, 22.5207381921
13200, 65.5771428652, 274393.703921, 22.6884616271
13250, 66.7900997994, 275433.291623, 22.8600871869
13300, 68.0291928618, 276472.886436, 23.0356841383
13350, 69.2942744817, 277512.488475, 23.2153204842
13400, 70.585159024, 278552.097854, 23.3990628426
13450, 71.9016217301, 279591.714681, 23.5869763231
13500, 73.2433977039, 280631.339062, 23.7791244025
13550, 74.6101809514, 281670.971099, 23.9755687988
13600, 76.0016234768, 282710.610891, 24.1763693437
13650, 77.4173344431, 283750.25853, 24.381583855
13700, 78.8568794002, 284789.914108, 24.5912680078
13750, 80.3197795889, 285829.577709, 24.8054752056
13800, 81.8055113239, 286869.249412, 25.024256451
13850, 83.3135054639, 287908.929294, 25.2476602175
13900, 84.8431469718, 288948.617424, 25.4757323211
13950, 86.3937745726, 289988.313866, 25.7085157929
14000, 87.9646805132, 291028.018679, 25.946050753
14050, 89.5551104297, 292067.731914, 26.1883742864
14100, 91.1642633266, 293107.453618, 26.4355203203
14150, 92.7912916733, 294147.18383, 26.6875195036
14200, 94.4353016223, 295186.922584, 26.94439909
14250, 96.0953533525, 296226.669905, 27.2061828227
14300, 97.7704615418, 297266.425812, 27.4728908241
14350, 99.459595973, 298306.190317, 27.744539488
14400, 101.161682275, 299345.963424, 28.0211413767
14450, 102.8756028, 300385.745129, 28.302705123
14500, 104.600197646, 301425.535421, 28.589235336
14550, 106.334265817, 302465.334281, 28.8807325135
14600, 108.07656652, 303505.141681, 29.1771929595
14650, 109.825820618, 304544.957586, 29.4786087079
14700, 111.580712215, 305584.781952, 29.7849674527
14750, 113.339890379, 306624.614727, 30.0962524852
14800, 115.101971019, 307664.455849, 30.4124426377
14850, 116.865538878, 308704.30525, 30.7335122358
14900, 118.629149683, 309744.16285, 31.0594310572
14950, 120.3913324, 310784.028563, 31.3901642997
15000, 122.150591639, 311823.902294, 31.7256725564
15050, 123.905410156, 312863.783938, 32.0659118007
15100, 125.654251487, 313903.673381, 32.410833379
15150, 127.395562678, 314943.570503, 32.760384013
15200, 129.127777117, 315983.475172, 33.1145058108
15250, 130.849317463, 317023.38725, 33.4731362878
15300, 132.55859865, 318063.30659, 33.8362083962
15350, 134.254030973, 319103.233034, 34.2036505646
15400, 135.934023225, 320143.166419, 34.5753867467
15450, 137.596985906, 321183.106572, 34.9513364798
15500, 139.241334456, 322223.053313, 35.3314149525
15550, 140.865492532, 323263.006453, 35.7155330817
15600, 142.4678953, 324302.965797, 36.1035975996
15650, 144.046992732, 325342.931141, 36.4955111489
15700, 145.601252906, 326382.902275, 36.8911723878
15750, 147.129165282, 327422.87898, 37.2904761032
15800, 148.629243955, 328462.861033, 37.693313333
15850, 150.100030862, 329502.848202, 38.0995714958
15900, 151.540098936, 330542.84025, 38.5091345302
15950, 152.9480552, 331582.836936, 38.9218830396
16000, 154.322543774, 332622.838009, 39.3376944461
16050, 155.662248797, 333662.843218, 39.7564431502
16100, 156.965897252, 334702.852302, 40.1780006975
16150, 158.232261668, 335742.864999, 40.6022359509
16200, 159.460162714, 336782.881043, 41.0290152691
16250, 160.648471647, 337822.90016, 41.4582026889
16300, 161.796112628, 338862.922078, 41.8896601133
16350, 162.902064884, 339902.946518, 42.323247503
16400, 163.96536471, 340942.973201, 42.7588230711
16450, 164.985107312, 341983.001844, 43.1962434811
16500, 165.960448469, 343023.032162, 43.6353640469
16550, 166.890606031, 344063.063869, 44.0760389351
16600, 167.774861221, 345103.096679, 44.5181213677
16650, 168.612559762, 346143.130304, 44.9614638261
16700, 169.403112812, 347183.164456, 45.4059182546
16750, 170.145997712, 348223.198848, 45.8513362636
16800, 170.840758537, 349263.233191, 46.297569332
16850, 171.487006461, 350303.2672, 46.7444690075
16900, 172.084419934, 351343.30059, 47.1918871047
16950, 172.632744662, 352383.333077, 47.6396759012
17000, 173.131793413, 353423.364379, 48.0876883294
17050, 173.581445628, 354463.394219, 48.5357781658
17100, 173.981646868, 355503.422319, 48.9838002152
17150, 174.332408073, 356543.448407, 49.4316104909
17200, 174.633804666, 357583.472212, 49.8790663895
17250, 174.885975492, 358623.493469, 50.326026861
17300, 175.089121596, 359663.511916, 50.7723525718
17350, 175.243504869, 360703.527296, 51.2179060634
17400, 175.349446541, 361743.539355, 51.6625519032
17450, 175.407325553, 362783.547845, 52.1061568292
17500, 175.417576806, 363823.552524, 52.5485898883
17550, 175.380689296, 364863.553155, 52.9897225663
17600, 175.297204148, 365903.549504, 53.429428912
17650, 175.167712556, 366943.541347, 53.8675856525
17700, 174.992853644, 367983.528464, 54.3040723016
17750, 174.773312245, 369023.51064, 54.738771261
17800, 174.509816628, 370063.487669, 55.1715679123
17850, 174.203136159, 371103.459349, 55.6023507031
17900, 173.854078928, 372143.425486, 56.0310112237
17950, 173.463489335, 373183.385893, 56.4574442766
18000, 173.032245658, 374223.34039, 56.8815479391
18050, 172.561257592, 375263.288802, 57.3032236168
18100, 172.051463798, 376303.230964, 57.7223760908
18150, 171.50382944, 377343.166715, 58.1389135564
18200, 170.919343736, 378383.095903, 58.5527476557
18250, 170.299017531, 379423.018383, 58.963793502
18300, 169.643880887, 380462.934018, 59.371969698
18350, 168.954980711, 381502.842675, 59.7771983466
18400, 168.233378417, 382542.744232, 60.1794050554
18450, 167.480147639, 383582.638571, 60.5785189355
18500, 166.696371989, 384622.525584, 60.9744725929
18550, 165.88314287, 385662.405167, 61.3672021152
18600, 165.041557356, 386702.277226, 61.7566470519
18650, 164.172716129, 387742.141671, 62.1427503898
18700, 163.277721489, 388781.998421, 62.5254585234
18750, 162.357675436, 389821.847401, 62.9047212199
18800, 161.413677822, 390861.688543, 63.2804915801
18850, 160.446824589, 391901.521784, 63.652725995
18900, 159.458206074, 392941.34707, 64.0213840982
18950, 158.448905409, 393981.164352, 64.3864287149
19000, 157.41999699, 395020.973586, 64.7478258071
19050, 156.372545038, 396060.774736, 65.1055444155
19100, 155.307602235, 397100.567771, 65.4595565993
19150, 154.226208456, 398140.352666, 65.8098373724
19200, 153.129389568, 399180.129401, 66.1563646377
19250, 152.018156325, 400219.897964, 66.499119119
19300, 150.89350334, 401259.658344, 66.8380842916
19350, 149.756408132, 402299.410539, 67.1732463104
19400, 148.607830267, 403339.15455, 67.5045939372
19450, 147.448710557, 404378.890384, 67.8321184664
19500, 146.279970355, 405418.618052, 68.1558136502
19550, 145.102510911, 406458.33757, 68.4756756227
19600, 143.917212804, 407498.048958, 68.7917028232
19650, 142.724935446, 408537.75224, 69.1038959198
19700, 141.526516649, 409577.447445, 69.412257732
19750, 140.322772265, 410617.134605, 69.716793154
19800, 139.114495879, 411656.813756, 70.0175090774
19850, 137.902458568, 412696.484937, 70.3144143151
19900, 136.687408716, 413736.148193, 70.6075195246
19950, 135.470071886, 414775.803568, 70.8968371327
20000, 134.251150739, 415815.451114, 71.1823812604
20050, 133.031325008, 416855.090881, 71.4641676486
20100, 131.811251514, 417894.722925, 71.7422135853
20150, 130.591564228, 418934.347304, 72.016537833
20200, 129.372874376, 419973.964079, 72.2871605576
20250, 128.15577058, 421013.573312, 72.5541032588
20300, 126.940819034, 422053.175067, 72.8173887008
20350, 125.728563721, 423092.769413, 73.0770408456
20400, 124.519526648, 424132.356418, 73.3330847865
20450, 123.314208126, 425171.936152, 73.585546684
20500, 122.113087059, 426211.508689, 73.8344537023
20550, 120.916621274, 427251.074103, 74.0798339481
20600, 119.725247857, 428290.632468, 74.3217164105
20650, 118.539383521, 429330.183862, 74.5601309026
20700, 117.359424985, 430369.728363, 74.7951080048
20750, 116.185749371, 431409.26605, 75.0266790094
20800, 115.018714615, 432448.797004, 75.2548758674
20850, 113.858659885, 433488.321305, 75.4797311364
20900, 112.705906022, 434527.839036, 75.7012779303
20950, 111.560755971, 435567.350278, 75.919549871
21000, 110.42349524, 436606.855116, 76.1345810411
21050, 109.294392345, 437646.353633, 76.3464059388
21100, 108.173699275, 438685.845913, 76.555059434
21150, 107.061651947, 439725.33204, 76.7605767265
21200, 105.958470678, 440764.812101, 76.9629933053
21250, 104.86436064, 441804.286179, 77.1623449095
21300, 103.77951233, 442843.75436, 77.3586674912
21350, 102.704102028, 443883.216729, 77.5519971796
21400, 101.638292261, 444922.673371, 77.7423702464
21450, 100.582232257, 445962.124372, 77.9298230731
21500, 99.5360583976, 447001.569816, 78.1143921195
21550, 98.4998946691, 448041.009788, 78.2961138936
21600, 97.4738531038, 449080.444374, 78.4750249231
21650, 96.4580342179, 450119.873656, 78.6511617278
21700, 95.4525274426, 451159.29772, 78.824560794
21750, 94.457411548, 452198.716649, 78.9952585493
21800, 93.4727550609, 453238.130525, 79.1632913395
21850, 92.498616673, 454277.539433, 79.3286954065
21900, 91.5350456433, 455316.943453, 79.4915068666
21950, 90.5820821908, 456356.342667, 79.6517616911
22000, 89.6397578792, 457395.737157, 79.8094956875
22050, 88.7080959928, 458435.127003, 79.9647444815
22100, 87.7871119035, 459474.512285, 80.1175435005
22150, 86.8768134294, 460513.893082, 80.2679279577
22200, 85.9772011827, 461553.269472, 80.4159328377
22250, 85.0882689107, 462592.641533, 80.5615928826
22300, 84.2100038251, 463632.009342, 80.704942579
22350, 83.342386924, 464671.372976, 80.8460161461
22400, 82.4853933034, 465710.732509, 80.9848475248
22450, 81.6389924602, 466750.088016, 81.121470367
22500, 80.8031485852, 467789.439572, 81.2559180262
22550, 79.9778208481, 468828.787249, 81.3882235486
22600, 79.1629636719, 469868.131119, 81.5184196652
22650, 78.3585269997, 470907.471255, 81.6465387843
22700, 77.564456552, 471946.807725, 81.7726129847
22750, 76.7806940749, 472986.1406, 81.8966740096
22800, 76.0071775804, 474025.469949, 82.018753261
22850, 75.2438415779, 475064.795839, 82.138881795
22900, 74.4906172967, 476104.118337, 82.2570903174
22950, 73.7474329014, 477143.43751, 82.3734091794
23000, 73.0142136987, 478182.753422, 82.4878683748
23050, 72.290882336, 479222.066139, 82.6004975368
23100, 71.5773589929, 480261.375722, 82.7113259356
23150, 70.8735615648, 481300.682236, 82.8203824766
23200, 70.1794058393, 482339.98574, 82.9276956986
23250, 69.4948056654, 483379.286297, 83.0332937726
23300, 68.8196731155, 484418.583965, 83.137204501
23350, 68.1539186409, 485457.878805, 83.2394553174
23400, 67.4974512207, 486497.170873, 83.3400732859
23450, 66.8501785038, 487536.460227, 83.4390851019
23500, 66.2120069452, 488575.746923, 83.5365170918
23550, 65.5828419359, 489615.031017, 83.6323952146
23600, 64.9625879269, 490654.312562, 83.7267450622
23650, 64.3511485479, 491693.591614, 83.819591861
23700, 63.7484267198, 492732.868223, 83.9109604733
23750, 63.1543247623, 493772.142444, 84.0008753987
23800, 62.5687444966, 494811.414325, 84.0893607767
23850, 61.9915873424, 495850.683918, 84.176440388
23900, 61.4227544101, 496889.951273, 84.2621376572
23950, 60.8621465895, 497929.216437, 84.3464756552
24000, 60.3096646323, 498968.479458, 84.4294771015
24050, 59.7652092316, 500007.740384, 84.5111643675
24100, 59.2286810966, 501046.99926, 84.5915594785
24150, 58.6999810232, 502086.256132, 84.6706841175
24200, 58.1790099611, 503125.511044, 84.7485596279
24250, 57.6656690769, 504164.764041, 84.8252070164
24300, 57.1598598137, 505204.015165, 84.9006469571
24350, 56.6614839472, 506243.264458, 84.9748997938
24400, 56.1704436386, 507282.511962, 85.0479855446
24450, 55.686641484, 508321.757718, 85.1199239043
24500, 55.2099805612, 509361.001766, 85.1907342489
24550, 54.7403644733, 510400.244145, 85.2604356384
24600, 54.2776973895, 511439.484894, 85.3290468213
24650, 53.8218840832, 512478.72405, 85.3965862378
24700, 53.3728299678, 513517.961652, 85.4630720235
24750, 52.9304411293, 514557.197735, 85.5285220135
24800, 52.4946243577, 515596.432335, 85.5929537462
24850, 52.065287175, 516635.665487, 85.656384467
24900, 51.6423378617, 517674.897227, 85.7188311319
24950, 51.2256854811, 518714.127588, 85.780310412
25000, 50.8152399016, 519753.356603, 85.8408386968
25050, 50.410911817, 520792.584305, 85.9004320984
25100, 50.0126127654, 521831.810726, 85.9591064553
25150, 49.6202551458, 522871.035897, 86.0168773361
25200, 49.2337522337, 523910.25985, 86.0737600437
25250, 48.853018195, 524949.482614, 86.1297696189
25300, 48.4779680978, 525988.70422, 86.1849208442
25350, 48.1085179236, 527027.924696, 86.2392282481
25400, 47.744584577, 528067.14407, 86.2927061082
25450, 47.3860858939, 529106.362372, 86.3453684555
25500, 47.0329406485, 530145.579628, 86.3972290782
25550, 46.6850685595, 531184.795865, 86.448301525
25600, 46.3423902947, 532224.01111, 86.4985991094
25650, 46.0048274753, 533263.225388, 86.5481349129
25700, 45.6723026785, 534302.438726, 86.5969217889
25750, 45.3447394399, 535341.651147, 86.6449723663
25800, 45.0220622539, 536380.862676, 86.6922990532
25850, 44.7041965751, 537420.073338, 86.7389140404
25900, 44.3910688169, 538459.283156, 86.7848293046
25950, 44.0826063511, 539498.492152, 86.8300566125
26000, 43.7787375054, 540537.700349, 86.8746075239
26050, 43.4793915617, 541576.90777, 86.9184933952
26100, 43.1844987525, 542616.114436, 86.9617253827
26150, 42.8939902572, 543655.320368, 87.004314446
26200, 42.6077981986, 544694.525587, 87.0462713516
26250, 42.3258556375, 545733.730113, 87.0876066756
26300, 42.0480965681, 546772.933967, 87.1283308073
26350, 41.7744559122, 547812.137168, 87.1684539524
26400, 41.5048695136, 548851.339734, 87.2079861359
26450, 41.2392741314, 549890.541686, 87.2469372057
26500, 40.9776074335, 550929.743042, 87.2853168349
26550, 40.7198079897, 551968.943818, 87.3231345256
26600, 40.4658152646, 553008.144034, 87.3603996114
26650, 40.2155696097, 554047.343706, 87.3971212603
26700, 39.9690122557, 555086.542852, 87.433308478
26750, 39.7260853048, 556125.741488, 87.4689701105
26800, 39.4867317222, 557164.93963, 87.5041148469
26850, 39.2508953275, 558204.137294, 87.538751222
26900, 39.0185207869, 559243.334497, 87.5728876195
26950, 38.7895536034, 560282.531252, 87.6065322744
27000, 38.5639401088, 561321.727576, 87.6396932754
27050, 38.3416274542, 562360.923483, 87.6723785681
27100, 38.1225636013, 563400.118987, 87.7045959571
27150, 37.9066973126, 564439.314103, 87.7363531085
27200, 37.6939781428, 565478.508844, 87.7676575528
27250, 37.484356429, 566517.703224, 87.7985166869
27300, 37.2777832814, 567556.897255, 87.8289377767
27350, 37.0742105741, 568596.090952, 87.8589279597
27400, 36.8735909351, 569635.284327, 87.8884942468
27450, 36.6758777373, 570674.477391, 87.9176435248
27500, 36.4810250887, 571713.670158, 87.9463825591
27550, 36.2889878228, 572752.862639, 87.9747179952
27600, 36.0997214894, 573792.054846, 88.0026563613
27650, 35.9131823447, 574831.24679, 88.0302040703
27700, 35.7293273419, 575870.438483, 88.0573674221
27750, 35.5481141218, 576909.629935, 88.0841526053
27800, 35.3695010035, 577948.821158, 88.1105656996
27850, 35.1934469744, 578988.012161, 88.1366126774
27900, 35.0199116814, 580027.202955, 88.1622994064
27950, 34.8488554214, 581066.39355, 88.1876316506
28000, 34.6802391317, 582105.583956, 88.2126150731
28050, 34.5140243813, 583144.774183, 88.2372552374
28100, 34.3501733612, 584183.964239, 88.2615576094
28150, 34.1886488758, 585223.154135, 88.2855275592
28200, 34.0294143333, 586262.343879, 88.3091703628
28250, 33.8724337372, 587301.53348, 88.3324912039
28300, 33.7176716771, 588340.722946, 88.3554951756
28350, 33.5650933202, 589379.912287, 88.3781872819
28400, 33.4146644021, 590419.101511, 88.4005724397
28450, 33.2663512185, 591458.290625, 88.4226554799
28500, 33.1201206165, 592497.479638, 88.4444411495
28550, 32.9759399861, 593536.668557, 88.4659341127
28600, 32.8337772517, 594575.85739, 88.4871389528
28650, 32.693600864, 595615.046144, 88.5080601734
28700, 32.5553797917, 596654.234827, 88.5287021999
28750, 32.4190835131, 597693.423446, 88.5490693814
28800, 32.2846820085, 598732.612007, 88.5691659912
28850, 32.1521457518, 599771.800518, 88.5889962292
28900, 32.021445703, 600810.988986, 88.6085642224
28950, 31.8925533003, 601850.177416, 88.6278740269
29000, 31.7654404524, 602889.365815, 88.6469296287
29050, 31.6400795309, 603928.554189, 88.6657349454
29100, 31.5164433629, 604967.742545, 88.6842938271
29150, 31.3945052236, 606006.930889, 88.702610058
29200, 31.2742388292, 607046.119225, 88.7206873571
29250, 31.1556183293, 608085.307561, 88.7385293801
29300, 31.0386183001, 609124.495901, 88.75613972
29350, 30.9232137376, 610163.684251, 88.7735219083
29400, 30.80938005, 611202.872617, 88.7906794165
29450, 30.6970930519, 612242.061003, 88.8076156569
29500, 30.5863289567, 613281.249415, 88.8243339836
29550, 30.4770643705, 614320.437857, 88.8408376939
29600, 30.3692762855, 615359.626335, 88.857130029
29650, 30.2629420734, 616398.814853, 88.8732141753
29700, 30.1580394792, 617438.003416, 88.8890932652
29750, 30.0545466153, 618477.192028, 88.9047703782
29800, 29.9524419545, 619516.380695, 88.9202485418
29850, 29.8517043251, 620555.569419, 88.9355307326
29900, 29.7523129039, 621594.758206, 88.9506198769
29950, 29.654247211, 622633.94706, 88.9655188521
30000, 29.5574871038, 623673.135985, 88.9802304871
30050, 29.4620127711, 624712.324984, 88.9947575635
30100, 29.3678047282, 625751.514061, 89.0091028163
30150, 29.2748438106, 626790.703221, 89.0232689349
30200, 29.1831111688, 627829.892467, 89.0372585638
30250, 29.0925882635, 628869.081803, 89.0510743033
30300, 29.0032568595, 629908.271232, 89.0647187107
30350, 28.9150990212, 630947.460757, 89.0781943008
30400, 28.8280971073, 631986.650382, 89.0915035464
30450, 28.7422337655, 633025.84011, 89.1046488797
30500, 28.6574919282, 634065.029945, 89.1176326926
30550, 28.5738548072, 635104.219889, 89.1304573374
30600, 28.4913058889, 636143.409946, 89.1431251278
30650, 28.4098289299, 637182.600118, 89.1556383393
30700, 28.3294079522, 638221.790409, 89.1679992101
30750, 28.250027239, 639260.980821, 89.1802099415
30800, 28.1716713295, 640300.171357, 89.192272699
30850, 28.0943250155, 641339.362019, 89.2041896126
30900, 28.0179733362, 642378.552811, 89.2159627775
30950, 27.9426015745, 643417.743735, 89.2275942547
31000, 27.8681952528, 644456.934793, 89.2390860716
31050, 27.7947401287, 645496.125988, 89.250440223
31100, 27.722222191, 646535.317323, 89.2616586708
31150, 27.650627656, 647574.508799, 89.2727433457
31200, 27.5799429631, 648613.700418, 89.2836961468
31250, 27.5101547717, 649652.892184, 89.2945189426
31300, 27.4412499568, 650692.084098, 89.3052135715
31350, 27.3732156056, 651731.276161, 89.3157818424
31400, 27.3060390138, 652770.468378, 89.3262255351
31450, 27.2397076821, 653809.660748, 89.3365464008
31500, 27.1742093125, 654848.853275, 89.3467461627
31550, 27.1095318053, 655888.045959, 89.3568265164
31600, 27.045663255, 656927.238804, 89.3667891306
31650, 26.9825919476, 657966.43181, 89.3766356472
31700, 26.9203063572, 659005.62498, 89.3863676821
31750, 26.8587951425, 660044.818314, 89.3959868256
31800, 26.7980471438, 661084.011815, 89.4054946426
31850, 26.7380513802, 662123.205485, 89.4148926734
31900, 26.678797046, 663162.399324, 89.424182434
31950, 26.6202735079, 664201.593335, 89.4333654162
32000, 26.5624703026, 665240.787519, 89.4424430886
32050, 26.5053771329, 666279.981877, 89.4514168967
32100, 26.4489838658, 667319.17641, 89.4602882631
32150, 26.3932805289, 668358.371121, 89.4690585884
32200, 26.3382573085, 669397.566009, 89.477729251
32250, 26.2839045462, 670436.761078, 89.486301608
32300, 26.2302127364, 671475.956327, 89.4947769953
32350, 26.1771725241, 672515.151758, 89.5031567279
32400, 26.1247747019, 673554.347372, 89.5114421005
32450, 26.0730102076, 674593.54317, 89.5196343877
32500, 26.0218701219, 675632.739154, 89.5277348444
32550, 25.9713456656, 676671.935323, 89.5357447059
32600, 25.9214281978, 677711.131681, 89.5436651888
32650, 25.8721092129, 678750.328226, 89.5514974907
32700, 25.8233803389, 679789.524961, 89.5592427909
32750, 25.7752333346, 680828.721887, 89.5669022504
32800, 25.727660088, 681867.919003, 89.5744770128
32850, 25.6806526133, 682907.116311, 89.5819682039
32900, 25.6342030497, 683946.313813, 89.5893769324
32950, 25.5883036585, 684985.511507, 89.5967042901
33000, 25.5429468215, 686024.709397, 89.6039513523
33050, 25.4981250388, 687063.907481, 89.6111191778
33100, 25.4538309268, 688103.105761, 89.6182088093
33150, 25.4100572164, 689142.304238, 89.6252212741
33200, 25.3667967507, 690181.502912, 89.6321575835
33250, 25.3240424837, 691220.701784, 89.6390187339
33300, 25.2817874779, 692259.900854, 89.6458057066
33350, 25.2400249026, 693299.100124, 89.652519468
33400, 25.1987480325, 694338.299593, 89.6591609703
33450, 25.1579502452, 695377.499262, 89.6657311511
33500, 25.1176250204, 696416.699132, 89.6722309343
33550, 25.0777659372, 697455.899204, 89.6786612298
33600, 25.0383666734, 698495.099477, 89.6850229341
33650, 24.999421003, 699534.299952, 89.6913169302
33700, 24.9609227952, 700573.50063, 89.6975440882
33750, 24.9228660126, 701612.701511, 89.7037052651
33800, 24.8852447097, 702651.902595, 89.7098013054
33850, 24.8480530311, 703691.103883, 89.715833041
33900, 24.8112852104, 704730.305375, 89.7218012916
33950, 24.7749355685, 705769.507072, 89.7277068649
34000, 24.7389985122, 706808.708973, 89.7335505566
34050, 24.7034685329, 707847.91108, 89.7393331509
34100, 24.6683402049, 708887.113392, 89.7450554203
34150, 24.6336081842, 709926.31591, 89.7507181263
34200, 24.5992672075, 710965.518633, 89.756322019
34250, 24.56531209, 712004.721563, 89.7618678379
34300, 24.5317377252, 713043.924699, 89.7673563115
34350, 24.4985390826, 714083.128042, 89.7727881578
34400, 24.4657112071, 715122.331591, 89.7781640844
34450, 24.4332492177, 716161.535347, 89.7834847889
34500, 24.4011483059, 717200.739311, 89.7887509584
34550, 24.3694037349, 718239.943481, 89.7939632705
34600, 24.3380108384, 719279.147859, 89.7991223928
34650, 24.306965019, 720318.352444, 89.8042289834
34700, 24.2762617479, 721357.557237, 89.8092836912
34750, 24.2458965628, 722396.762238, 89.8142871554
34800, 24.2158650677, 723435.967446, 89.8192400064
34850, 24.1861629313, 724475.172862, 89.8241428656
34900, 24.156785886, 725514.378486, 89.8289963452
34950, 24.1277297272, 726553.584317, 89.8338010493
35000, 24.0989903117, 727592.790357, 89.8385575729
35050, 24.0705635574, 728631.996604, 89.843266503
35100, 24.0424454416, 729671.203059, 89.8479284179
35150, 24.0146320007, 730710.409722, 89.8525438882
35200, 23.9871193289, 731749.616593, 89.857113476
35250, 23.959903577, 732788.823671, 89.861637736
35300, 23.9329809522, 733828.030957, 89.8661172146
35350, 23.9063477165, 734867.238451, 89.8705524511
35400, 23.8800001864, 735906.446153, 89.8749439767
35450, 23.8539347315, 736945.654062, 89.8792923157
35500, 23.828147774, 737984.862178, 89.8835979848
35550, 23.8026357877, 739024.070502, 89.8878614936
35600, 23.7773952973, 740063.279033, 89.8920833447
35650, 23.7524228775, 741102.487771, 89.8962640335
35700, 23.7277151521, 742141.696717, 89.9004040489
35750, 23.7032687936, 743180.905869, 89.9045038728
35800, 23.6790805219, 744220.115227, 89.9085639805
35850, 23.655147104, 745259.324793, 89.9125848409
35900, 23.6314653529, 746298.534564, 89.9165669163
35950, 23.6080321272, 747337.744542, 89.9205106627
36000, 23.5848443302, 748376.954726, 89.92441653
36050, 23.5618989091, 749416.165116, 89.9282849619
36100, 23.5391928545, 750455.375712, 89.9321163959
36150, 23.5167231998, 751494.586513, 89.9359112637
36200, 23.49448702, 752533.79752, 89.9396699911
36250, 23.4724814317, 753573.008731, 89.9433929981
36300, 23.4507035922, 754612.220148, 89.9470806991
36350, 23.4291506986, 755651.431769, 89.9507335028
36400, 23.4078199875, 756690.643594, 89.9543518125
36450, 23.3867087345, 757729.855624, 89.957936026
36500, 23.365814253, 758769.067858, 89.9614865357
36550, 23.3451338942, 759808.280295, 89.9650037288
36600, 23.3246650464, 760847.492936, 89.9684879875
36650, 23.3044051342, 761886.70578, 89.9719396885
36700, 23.284351618, 762925.918827, 89.9753592037
36750, 23.2645019936, 763965.132077, 89.9787469002
36800, 23.2448537917, 765004.345529, 89.9821031399
36850, 23.2254045769, 766043.559183, 89.9854282801
36900, 23.2061519477, 767082.773039, 89.9887226734
36950, 23.1870935359, 768121.987096, 89.9919866675
37000, 23.1682270057, 769161.201355, 89.9952206058
37050, 23.1495500537, 770200.415814, 89.998424827
37100, 23.1310604079, 771239.630475, 90.0015996654
37150, 23.1127558279, 772278.845335, 90.0047454508
37200, 23.0946341036, 773318.060396, 90.0078625089
37250, 23.0766930554, 774357.275656, 90.010951161
37300, 23.0589305333, 775396.491116, 90.0140117242
37350, 23.0413444169, 776435.706774, 90.0170445114
37400, 23.0239326143, 777474.922632, 90.0200498316
37450, 23.0066930625, 778514.138687, 90.0230279897
37500, 22.989623726, 779553.354941, 90.0259792866
37550, 22.9727225973, 780592.571392, 90.0289040193
37600, 22.955987696, 781631.788041, 90.0318024811
37650, 22.9394170682, 782671.004887, 90.0346749614
37700, 22.9230087866, 783710.22193, 90.0375217459
37750, 22.9067609499, 784749.439168, 90.0403431166
37800, 22.8906716822, 785788.656603, 90.0431393519
37850, 22.8747391329, 786827.874234, 90.0459107266
37900, 22.8589614761, 787867.092059, 90.0486575121
37950, 22.8433369104, 788906.310079, 90.0513799762
38000, 22.8278636585, 789945.528294, 90.0540783834
38050, 22.8125399668, 790984.746703, 90.0567529947
38100, 22.797364105, 792023.965306, 90.0594040679
38150, 22.7823343659, 793063.184102, 90.0620318575
38200, 22.7674490648, 794102.403091, 90.0646366147
38250, 22.7527065396, 795141.622273, 90.0672185877
38300, 22.73810515, 796180.841647, 90.0697780215
38350, 22.7236432774, 797220.061213, 90.0723151578
38400, 22.7093193245, 798259.28097, 90.0748302356
38450, 22.6951317153, 799298.500918, 90.0773234907
38500, 22.6810788942, 800337.721057, 90.0797951559
38550, 22.6671593262, 801376.941387, 90.0822454614
38600, 22.6533714964, 802416.161906, 90.0846746341
38650, 22.6397139097, 803455.382614, 90.0870828983
38700, 22.6261850905, 804494.603512, 90.0894704757
38750, 22.6127835826, 805533.824598, 90.0918375847
38800, 22.5995079487, 806573.045873, 90.0941844416
38850, 22.5863567701, 807612.267335, 90.0965112597
38900, 22.5733286466, 808651.488985, 90.0988182496
38950, 22.5604221961, 809690.710822, 90.1011056195
39000, 22.5476360545, 810729.932846, 90.1033735749
39050, 22.5349688751, 811769.155056, 90.1056223189
39100, 22.522419329, 812808.377451, 90.107852052
39150, 22.5099861039, 813847.600033, 90.1100629723
39200, 22.4976679048, 814886.822799, 90.1122552755
39250, 22.485463453, 815926.045749, 90.1144291547
39300, 22.4733714865, 816965.268884, 90.116584801
39350, 22.4613907592, 818004.492203, 90.1187224029
39400, 22.4495200411, 819043.715705, 90.1208421468
39450, 22.4377581178, 820082.93939, 90.1229442166
39500, 22.4261037903, 821122.163257, 90.1250287941
39550, 22.4145558751, 822161.387306, 90.1270960591
39600, 22.4031132034, 823200.611537, 90.1291461889
39650, 22.3917746216, 824239.83595, 90.1311793588
39700, 22.3805389903, 825279.060543, 90.1331957422
39750, 22.3694051848, 826318.285316, 90.13519551
39800, 22.3583720944, 827357.510269, 90.1371788313
39850, 22.3474386226, 828396.735402, 90.1391458733
39900, 22.3366036865, 829435.960714, 90.141096801
39950, 22.3258662169, 830475.186205, 90.1430317775
40000, 22.3152251579, 831514.411874, 90.1449509639
40050, 22.3046794671, 832553.63772, 90.1468545194
40100, 22.2942281147, 833592.863744, 90.1487426014
40150, 22.2838700841, 834632.089945, 90.1506153655
40200, 22.2736043712, 835671.316323, 90.1524729651
40250, 22.2634299845, 836710.542877, 90.1543155523
40300, 22.2533459447, 837749.769606, 90.1561432769
40350, 22.2433512847, 838788.99651, 90.1579562874
40400, 22.2334450494, 839828.22359, 90.1597547301
40450, 22.2236262955, 840867.450843, 90.1615387501
40500, 22.2138940913, 841906.678271, 90.1633084903
40550, 22.2042475166, 842945.905872, 90.1650640922
40600, 22.1946856625, 843985.133646, 90.1668056957
40650, 22.1852076314, 845024.361593, 90.1685334389
40700, 22.1758125365, 846063.589712, 90.1702474584
40750, 22.166499502, 847102.818003, 90.1719478892
40800, 22.1572676628, 848142.046466, 90.1736348646
40850, 22.1481161643, 849181.275099, 90.1753085166
40900, 22.1390441624, 850220.503902, 90.1769689755
40950, 22.1300508231, 851259.732876, 90.1786163702
41000, 22.1211353228, 852298.962019, 90.180250828
41050, 22.1122968477, 853338.191332, 90.1818724749
41100, 22.1035345939, 854377.420813, 90.1834814353
41150, 22.0948477672, 855416.650463, 90.1850778322
41200, 22.0862355831, 856455.88028, 90.1866617873
41250, 22.0776972664, 857495.110265, 90.1882334208
41300, 22.0692320513, 858534.340417, 90.1897928516
41350, 22.0608391814, 859573.570736, 90.1913401972
41400, 22.0525179089, 860612.801221, 90.1928755737
41450, 22.0442674955, 861652.031871, 90.1943990961
41500, 22.0360872113, 862691.262687, 90.1959108779
41550, 22.0279763355, 863730.493668, 90.1974110315
41600, 22.0199341555, 864769.724813, 90.1988996677
41650, 22.0119599675, 865808.956123, 90.2003768963
41700, 22.0040530758, 866848.187596, 90.201842826
41750, 21.9962127934, 867887.419232, 90.203297564
41800, 21.9884384409, 868926.65103, 90.2047412164
41850, 21.9807293472, 869965.882992, 90.2061738881
41900, 21.9730848492, 871005.115115, 90.2075956829
41950, 21.9655042916, 872044.347399, 90.2090067034
42000, 21.9579870267, 873083.579845, 90.2104070509
42050, 21.9505324144, 874122.812451, 90.211796826
42100, 21.9431398223, 875162.045218, 90.2131761276
42150, 21.9358086252, 876201.278144, 90.214545054
42200, 21.9285382055, 877240.511229, 90.2159037022
42250, 21.9213279525, 878279.744474, 90.2172521681
42300, 21.9141772628, 879318.977877, 90.2185905465
42350, 21.90708554, 880358.211438, 90.2199189315
42400, 21.9000521947, 881397.445157, 90.2212374157
42450, 21.8930766443, 882436.679033, 90.2225460909
42500, 21.8861583129, 883475.913066, 90.223845048
42550, 21.8792966313, 884515.147255, 90.2251343767
42600, 21.872491037, 885554.3816, 90.2264141659
42650, 21.8657409737, 886593.616101, 90.2276845033
42700, 21.859045892, 887632.850757, 90.228945476
42750, 21.8524052482, 888672.085568, 90.2301971697
42800, 21.8458185054, 889711.320533, 90.2314396696
42850, 21.8392851326, 890750.555652, 90.2326730598
42900, 21.8328046049, 891789.790924, 90.2338974233
42950, 21.8263764035, 892829.026349, 90.2351128425
43000, 21.8200000153, 893868.261928, 90.2363193988
43050, 21.8136749334, 894907.497658, 90.2375171728
43100, 21.8074006564, 895946.73354, 90.2387062439
43150, 21.8011766886, 896985.969574, 90.2398866911
43200, 21.7950025401, 898025.205759, 90.2410585923
43250, 21.7888777265, 899064.442094, 90.2422220247
43300, 21.7828017687, 900103.67858, 90.2433770644
43350, 21.7767741934, 901142.915215, 90.244523787
43400, 21.7707945322, 902182.152, 90.2456622672
43450, 21.7648623222, 903221.388934, 90.2467925789
43500, 21.7589771058, 904260.626016, 90.2479147951
43550, 21.7531384304, 905299.863247, 90.2490289882
43600, 21.7473458484, 906339.100625, 90.2501352297
43650, 21.7415989174, 907378.33815, 90.2512335904
43700, 21.7358971999, 908417.575823, 90.2523241404
43750, 21.7302402633, 909456.813642, 90.2534069491
43800, 21.7246276796, 910496.051608, 90.2544820849
43850, 21.7190590259, 911535.289719, 90.2555496158
43900, 21.7135338837, 912574.527975, 90.256609609
43950, 21.7080518395, 913613.766377, 90.2576621308
44000, 21.7026124839, 914653.004923, 90.258707247
44050, 21.6972154126, 915692.243613, 90.2597450228
44100, 21.6918602252, 916731.482447, 90.2607755224
44150, 21.6865465262, 917770.721424, 90.2617988097
44200, 21.6812739241, 918809.960545, 90.2628149477
44250, 21.6760420318, 919849.199808, 90.2638239988
44300, 21.6708504667, 920888.439213, 90.2648260248
44350, 21.6656988501, 921927.67876, 90.2658210867
44400, 21.6605868076, 922966.918448, 90.2668092452
44450, 21.6555139687, 924006.158278, 90.26779056
44500, 21.6504799672, 925045.398248, 90.2687650904
44550, 21.6454844407, 926084.638358, 90.2697328951
44600, 21.6405270309, 927123.878609, 90.2706940321
44650, 21.6356073833, 928163.118998, 90.2716485588
44700, 21.6307251473, 929202.359527, 90.2725965322
44750, 21.6258799759, 930241.600195, 90.2735380084
44800, 21.6210715262, 931280.841001, 90.2744730433
44850, 21.6162994588, 932320.081945, 90.275401692
44900, 21.6115634379, 933359.323027, 90.2763240089
44950, 21.6068631315, 934398.564245, 90.2772400483
45000, 21.602198211, 935437.805601, 90.2781498635
45050, 21.5975683515, 936477.047093, 90.2790535074
45100, 21.5929732314, 937516.288721, 90.2799510326
45150, 21.5884125326, 938555.530485, 90.2808424908
45200, 21.5838859406, 939594.772384, 90.2817279334
45250, 21.579393144, 940634.014418, 90.2826074113
45300, 21.5749338348, 941673.256587, 90.2834809747
45350, 21.5705077083, 942712.49889, 90.2843486736
45400, 21.5661144631, 943751.741327, 90.2852105571
45450, 21.5617538009, 944790.983897, 90.2860666742
45500, 21.5574254266, 945830.2266, 90.2869170733
45550, 21.5531290482, 946869.469436, 90.287761802
45600, 21.5488643768, 947908.712404, 90.288600908
45650, 21.5446311266, 948947.955505, 90.289434438
45700, 21.5404290148, 949987.198737, 90.2902624384
45750, 21.5362577615, 951026.4421, 90.2910849554
45800, 21.5321170898, 952065.685594, 90.2919020344
45850, 21.5280067257, 953104.929219, 90.2927137206
45900, 21.523926398, 954144.172974, 90.2935200585
45950, 21.5198758385, 955183.416859, 90.2943210923
46000, 21.5158547817, 956222.660873, 90.2951168659
46050, 21.5118629648, 957261.905016, 90.2959074225
46100, 21.5079001279, 958301.149288, 90.2966928051
46150, 21.5039660136, 959340.393689, 90.2974730562
46200, 21.5000603674, 960379.638218, 90.2982482178
46250, 21.4961829373, 961418.882874, 90.2990183316
46300, 21.492333474, 962458.127657, 90.2997834389
46350, 21.4885117306, 963497.372568, 90.3005435806
46400, 21.4847174629, 964536.617605, 90.301298797
46450, 21.4809504293, 965575.862768, 90.3020491282
46500, 21.4772103904, 966615.108058, 90.3027946141
46550, 21.4734971096, 967654.353473, 90.3035352937
46600, 21.4698103524, 968693.599013, 90.3042712062
46650, 21.4661498871, 969732.844678, 90.3050023899
46700, 21.4625154839, 970772.090468, 90.3057288831
46750, 21.4589069158, 971811.336381, 90.3064507236
46800, 21.4553239577, 972850.582419, 90.3071679488
46850, 21.4517663872, 973889.82858, 90.3078805959
46900, 21.4482339839, 974929.074865, 90.3085887014
46950, 21.4447265297, 975968.321272, 90.3092923019
47000, 21.4412438088, 977007.567802, 90.3099914334
47050, 21.4377856074, 978046.814453, 90.3106861314
47100, 21.434351714, 979086.061227, 90.3113764315
47150, 21.4309419193, 980125.308122, 90.3120623686
47200, 21.4275560159, 981164.555139, 90.3127439773
47250, 21.4241937988, 982203.802276, 90.3134212921
47300, 21.4208550647, 983243.049533, 90.3140943469
47350, 21.4175396126, 984282.296911, 90.3147631755
47400, 21.4142472435, 985321.544409, 90.3154278112
47450, 21.4109777602, 986360.792026, 90.3160882872
47500, 21.4077309677, 987400.039762, 90.3167446361
47550, 21.404506673, 988439.287617, 90.3173968905
47600, 21.4013046846, 989478.535591, 90.3180450825
47650, 21.3981248134, 990517.783682, 90.3186892439
47700, 21.394966872, 991557.031892, 90.3193294063
47750, 21.3918306746, 992596.280219, 90.319965601
47800, 21.3887160378, 993635.528663, 90.3205978588
47850, 21.3856227795, 994674.777224, 90.3212262106
47900, 21.3825507197, 995714.025902, 90.3218506866
47950, 21.37949968, 996753.274696, 90.3224713171
48000, 21.3764694839, 997792.523606, 90.3230881317
48050, 21.3734599565, 998831.772631, 90.3237011602
48100, 21.3704709249, 999871.021772, 90.3243104317
48150, 21.3675022175, 1000910.27103, 90.3249159753
48200, 21.3645536648, 1001949.5204, 90.3255178197
48250, 21.3616250985, 1002988.76988, 90.3261159933
48300, 21.3587163524, 1004028.01948, 90.3267105246
48350, 21.3558272616, 1005067.26919, 90.3273014412
48400, 21.352957663, 1006106.51902, 90.3278887711
48450, 21.350107395, 1007145.76896, 90.3284725416
48500, 21.3472762975, 1008185.01901, 90.3290527799
48550, 21.3444642123, 1009224.26917, 90.329629513
48600, 21.3416709823, 1010263.51945, 90.3302027676
48650, 21.3388964521, 1011302.76984, 90.3307725701
48700, 21.3361404678, 1012342.02034, 90.3313389468
48750, 21.3334028771, 1013381.27095, 90.3319019236
48800, 21.3306835291, 1014420.52167, 90.3324615264
48850, 21.3279822742, 1015459.7725, 90.3330177805
48900, 21.3252989644, 1016499.02345, 90.3335707114
48950, 21.3226334531, 1017538.2745, 90.334120344
49000, 21.3199855951, 1018577.52566, 90.3346667032
49050, 21.3173552466, 1019616.77693, 90.3352098136
49100, 21.3147422651, 1020656.02832, 90.3357496995
49150, 21.3121465096, 1021695.27981, 90.3362863853
49200, 21.3095678404, 1022734.5314, 90.3368198947
49250, 21.307006119, 1023773.78311, 90.3373502515
49300, 21.3044612084, 1024813.03493, 90.3378774794
49350, 21.3019329728, 1025852.28685, 90.3384016015
49400, 21.2994212777, 1026891.53888, 90.338922641
49450, 21.29692599, 1027930.79101, 90.3394406208
49500, 21.2944469776, 1028970.04326, 90.3399555636
49550, 21.2919841098, 1030009.29561, 90.3404674918
49600, 21.2895372572, 1031048.54806, 90.3409764279
49650, 21.2871062916, 1032087.80063, 90.3414823939
49700, 21.2846910859, 1033127.05329, 90.3419854116
49750, 21.2822915143, 1034166.30607, 90.3424855028
49800, 21.2799074521, 1035205.55895, 90.3429826891
49850, 21.2775387758, 1036244.81193, 90.3434769918
49900, 21.275185363, 1037284.06502, 90.3439684319
49950, 21.2728470927, 1038323.31821, 90.3444570305
