T, Cp, H, S
300, 20.7861495, 6235.84485, 11.5262887365
350, 20.7861495, 7275.152325, 11.5262887365
400, 20.7861495, 8314.4598, 11.5262887365
450, 20.7861495, 9353.767275, 11.5262887365
500, 20.7861495, 10393.07475, 11.5262887365
550, 20.7861495, 11432.382225, 11.5262887365
600, 20.7861495, 12471.6897, 11.5262887365
650, 20.7861495, 13510.997175, 11.5262887365
700, 20.7861495, 14550.30465, 11.5262887365
750, 20.7861495, 15589.612125, 11.5262887365
800, 20.7861495, 16628.9196, 11.5262887365
850, 20.7861495, 17668.227075, 11.5262887365
900, 20.7861495, 18707.53455, 11.5262887365
950, 20.7861495, 19746.842025, 11.5262887365
1000, 20.7861495, 20786.1495, 11.5262887365
1050, 20.7861495, 21825.456975, 11.5262887365
1100, 20.7861495, 22864.76445, 11.5262887365
1150, 20.7861495001, 23904.071925, 11.5262887365
1200, 20.7861495002, 24943.3794, 11.5262887365
1250, 20.7861495008, 25982.686875, 11.5262887365
1300, 20.7861495024, 27021.99435, 11.5262887366
1350, 20.7861495066, 28061.301825, 11.5262887367
1400, 20.7861495169, 29100.6093, 11.5262887371
1450, 20.7861495408, 30139.916775, 11.5262887381
1500, 20.7861495926, 31179.22425, 11.5262887402
1550, 20.7861496988, 32218.531725, 11.5262887448
1600, 20.7861499062, 33257.8392, 11.526288754
1650, 20.7861502932, 34297.1466751, 11.5262887719
1700, 20.7861509865, 35336.4541501, 11.5262888049
1750, 20.7861521831, 36375.7616252, 11.5262888637
1800, 20.7861541792, 37415.0691004, 11.526288965
1850, 20.7861574068, 38454.3765758, 11.5262891338
1900, 20.7861624783, 39493.6840513, 11.526289407
1950, 20.7861702402, 40532.9915271, 11.5262898376
2000, 20.7861818351, 41572.2990034, 11.5262904993
2050, 20.786198772, 42611.6064802, 11.5262914932
2100, 20.7862230042, 43650.913958, 11.5262929544
2150, 20.7862570143, 44690.221437, 11.5262950606
2200, 20.7863039034, 45729.5289176, 11.5262980411
2250, 20.7863674846, 46768.8364004, 11.5263021875
2300, 20.7864523775, 47808.1438861, 11.5263078643
2350, 20.7865641025, 48847.4513755, 11.5263155215
2400, 20.7867091729, 49886.7588696, 11.5263257073
2450, 20.7868951818, 50926.0663697, 11.526339081
2500, 20.787130883, 51965.3738771, 11.526356427
2550, 20.7874262639, 53004.6813937, 11.5263786685
2600, 20.7877926075, 54043.9889214, 11.5264068816
2650, 20.7882425442, 55083.2964624, 11.526442308
2700, 20.7887900904, 56122.6040194, 11.5264863693
2750, 20.7894506749, 57161.9115954, 11.5265406786
2800, 20.7902411505, 58201.2191936, 11.5266070527
2850, 20.7911797925, 59240.5268177, 11.5266875228
2900, 20.792286283, 60279.8344719, 11.5267843442
2950, 20.7935816816, 61319.1421607, 11.5269000048
3000, 20.7950883831, 62358.449889, 11.5270372324
3050, 20.7968300626, 63397.7576622, 11.5271990001
3100, 20.798831609, 64437.0654861, 11.5273885311
3150, 20.8011190484, 65476.3733669, 11.5276093013
3200, 20.8037194575, 66515.6813113, 11.5278650405
3250, 20.8066608691, 67554.9893265, 11.5281597326
3300, 20.8099721702, 68594.29742, 11.5284976133
3350, 20.8136829949, 69633.6055997, 11.5288831677
3400, 20.8178236118, 70672.9138741, 11.5293211254
3450, 20.8224248089, 71712.2222519, 11.5298164545
3500, 20.8275177757, 72751.5307424, 11.5303743547
3550, 20.8331339843, 73790.839355, 11.5310002492
3600, 20.839305071, 74830.1480996, 11.5316997749
3650, 20.8460627179, 75869.4569865, 11.5324787725
3700, 20.8534385366, 76908.7660262, 11.5333432748
3750, 20.8614639554, 77948.0752294, 11.534299495
3800, 20.8701701082, 78987.3846073, 11.5353538138
3850, 20.8795877285, 80026.694171, 11.5365127663
3900, 20.8897470475, 81066.003932, 11.537783028
3950, 20.9006776969, 82105.3139021, 11.5391714006
4000, 20.9124086175, 83144.6240931, 11.5406847977
4050, 20.9249679726, 84183.9345168, 11.5423302301
4100, 20.938383068, 85223.2451852, 11.5441147909
4150, 20.9526802774, 86262.5561106, 11.5460456406
4200, 20.9678849736, 87301.867305, 11.5481299924
4250, 20.9840214667, 88341.1787805, 11.5503750976
4300, 21.0011129475, 89380.4905493, 11.5527882307
4350, 21.0191814369, 90419.8026235, 11.5553766755
4400, 21.0382477419, 91459.1150152, 11.5581477108
4450, 21.0583314165, 92498.4277362, 11.5611085966
4500, 21.079450729, 93537.7407984, 11.5642665611
4550, 21.1016226339, 94577.0542135, 11.5676287873
4600, 21.1248627498, 95616.367993, 11.571202401
4650, 21.1491853414, 96655.6821484, 11.5749944581
4700, 21.1746033076, 97694.9966908, 11.5790119337
4750, 21.2011281726, 98734.3116311, 11.5832617106
4800, 21.2287700822, 99773.6269801, 11.5877505687
4850, 21.2575378041, 100812.942748, 11.5924851753
4900, 21.2874387317, 101852.258946, 11.5974720755
4950, 21.3184788913, 102891.575583, 11.602717683
5000, 21.3506629532, 103930.892669, 11.608228272
5050, 21.3839942452, 104970.210213, 11.614009969
5100, 21.4184747691, 106009.528225, 11.6200687459
5150, 21.4541052203, 107048.846713, 11.6264104128
5200, 21.4908850086, 108088.165685, 11.633040612
5250, 21.5288122822, 109127.485149, 11.6399648121
5300, 21.5678839535, 110166.805114, 11.6471883027
5350, 21.6080957259, 111206.125587, 11.6547161897
5400, 21.6494421227, 112245.446574, 11.6625533911
5450, 21.6919165179, 113284.768082, 11.6707046332
5500, 21.7355111668, 114324.090117, 11.679174447
5550, 21.780217239, 115363.412686, 11.6879671655
5600, 21.8260248516, 116402.735793, 11.6970869213
5650, 21.8729231031, 117442.059444, 11.7065376442
5700, 21.9209001084, 118481.383643, 11.71632306
5750, 21.969943034, 119520.708395, 11.7264466886
5800, 22.0200381333, 120560.033704, 11.7369118436
5850, 22.0711707828, 121599.359573, 11.7477216315
5900, 22.1233255179, 122638.686006, 11.7588789512
5950, 22.1764860692, 123678.013006, 11.7703864945
6000, 22.2306353985, 124717.340574, 11.7822467462
6050, 22.2857557349, 125756.668713, 11.7944619847
6100, 22.3418286107, 126795.997425, 11.807034283
6150, 22.398834897, 127835.326711, 11.8199655099
6200, 22.4567548392, 128874.656571, 11.8332573314
6250, 22.5155680919, 129913.987008, 11.8469112122
6300, 22.575253754, 130953.318021, 11.8609284176
6350, 22.6357904022, 131992.649609, 11.8753100158
6400, 22.6971561256, 133031.981774, 11.8900568795
6450, 22.7593285587, 134071.314513, 11.9051696892
6500, 22.8222849137, 135110.647826, 11.9206489349
6550, 22.8860020134, 136149.981712, 11.9364949194
6600, 22.9504563224, 137189.316168, 11.9527077608
6650, 23.0156239781, 138228.651193, 11.9692873959
6700, 23.0814808213, 139267.986785, 11.9862335828
6750, 23.1480024256, 140307.322941, 12.0035459044
6800, 23.2151641264, 141346.659659, 12.0212237719
6850, 23.2829410497, 142385.996934, 12.0392664275
6900, 23.3513081393, 143425.334764, 12.0576729488
6950, 23.4202401842, 144464.673145, 12.0764422518
7000, 23.4897118443, 145504.012073, 12.0955730943
7050, 23.5596976768, 146543.351544, 12.1150640802
7100, 23.6301721602, 147582.691554, 12.1349136629
7150, 23.7011097191, 148622.032098, 12.1551201489
7200, 23.7724847471, 149661.37317, 12.1756817017
7250, 23.8442716302, 150700.714767, 12.196596346
7300, 23.916444768, 151740.056882, 12.2178619709
7350, 23.9889785957, 152779.39951, 12.2394763342
7400, 24.0618476044, 153818.742646, 12.2614370662
7450, 24.1350263609, 154858.086283, 12.2837416734
7500, 24.2084895272, 155897.430416, 12.3063875428
7550, 24.2822118787, 156936.775038, 12.3293719452
7600, 24.3561683223, 157976.120143, 12.3526920394
7650, 24.4303339132, 159015.465724, 12.3763448763
7700, 24.5046838719, 160054.811774, 12.4003274021
7750, 24.5791935995, 161094.158288, 12.4246364627
7800, 24.6538386933, 162133.505257, 12.4492688072
7850, 24.7285949609, 163172.852674, 12.4742210919
7900, 24.8034384343, 164212.200533, 12.4994898836
7950, 24.8783453834, 165251.548825, 12.5250716638
8000, 24.9532923281, 166290.897544, 12.5509628322
8050, 25.0282560509, 167330.246682, 12.5771597103
8100, 25.1032136077, 168369.596231, 12.6036585449
8150, 25.1781423394, 169408.946183, 12.6304555119
8200, 25.2530198815, 170448.296531, 12.6575467195
8250, 25.3278241741, 171487.647266, 12.684928212
8300, 25.4025334711, 172526.998381, 12.712595973
8350, 25.4771263488, 173566.349867, 12.7405459289
8400, 25.5515817137, 174605.701716, 12.7687739519
8450, 25.6258788103, 175645.05392, 12.7972758638
8500, 25.6999972282, 176684.406472, 12.8260474388
8550, 25.7739169084, 177723.759361, 12.8550844066
8600, 25.8476181494, 178763.112581, 12.884382456
8650, 25.921081613, 179802.466123, 12.9139372374
8700, 25.9942883291, 180841.819978, 12.9437443659
8750, 26.0672197005, 181881.174139, 12.9737994246
8800, 26.139857507, 182920.528596, 13.0040979671
8850, 26.2121839094, 183959.883341, 13.0346355205
8900, 26.2841814526, 184999.238366, 13.0654075878
8950, 26.3558330687, 186038.593662, 13.0964096512
9000, 26.4271220794, 187077.94922, 13.1276371741
9050, 26.4980321982, 188117.305033, 13.1590856044
9100, 26.5685475326, 189156.661092, 13.1907503762
9150, 26.6386525845, 190196.017389, 13.2226269128
9200, 26.7083322525, 191235.373914, 13.2547106289
9250, 26.7775718316, 192274.730661, 13.2869969331
9300, 26.8463570142, 193314.087619, 13.31948123
9350, 26.9146738899, 194353.444781, 13.3521589223
9400, 26.9825089454, 195392.802139, 13.3850254134
9450, 27.0498490638, 196432.159685, 13.4180761091
9500, 27.1166815239, 197471.517409, 13.4513064196
9550, 27.182993999, 198510.875305, 13.4847117618
9600, 27.2487745556, 199550.233363, 13.5182875612
9650, 27.3140116517, 200589.591576, 13.5520292533
9700, 27.3786941349, 201628.949935, 13.5859322859
9750, 27.4428112404, 202668.308434, 13.6199921207
9800, 27.5063525886, 203707.667062, 13.6542042348
9850, 27.5693081823, 204747.025814, 13.6885641227
9900, 27.6316684042, 205786.384681, 13.7230672976
9950, 27.693424014, 206825.743655, 13.757709293
10000, 27.7545661448, 207865.102728, 13.7924856642
10050, 27.8150863001, 208904.461893, 13.8273919896
10100, 27.8749763503, 209943.821143, 13.8624238724
10150, 27.9342285289, 210983.180469, 13.8975769415
10200, 27.9928354284, 212022.539865, 13.9328468531
10250, 28.0507899969, 213061.899322, 13.9682292915
10300, 28.1080855333, 214101.258835, 14.0037199709
10350, 28.1647156838, 215140.618395, 14.0393146359
10400, 28.2206744367, 216179.977996, 14.0750090629
10450, 28.2759561185, 217219.33763, 14.1107990612
10500, 28.3305553892, 218258.69729, 14.1466804735
10550, 28.3844672371, 219298.056971, 14.1826491776
10600, 28.437686975, 220337.416664, 14.2187010863
10650, 28.4902102341, 221376.776363, 14.2548321493
10700, 28.5420329601, 222416.136062, 14.2910383533
10750, 28.5931514076, 223455.495753, 14.3273157228
10800, 28.643562135, 224494.855432, 14.3636603211
10850, 28.6932619997, 225534.21509, 14.400068251
10900, 28.7422481526, 226573.574722, 14.436535655
10950, 28.7905180327, 227612.934323, 14.4730587163
11000, 28.8380693624, 228652.293884, 14.5096336593
11050, 28.8849001415, 229691.653402, 14.5462567501
11100, 28.9310086423, 230731.012869, 14.5829242968
11150, 28.9763934038, 231770.372281, 14.6196326502
11200, 29.0210532268, 232809.73163, 14.6563782042
11250, 29.0649871682, 233849.090913, 14.6931573961
11300, 29.1081945354, 234888.450122, 14.7299667067
11350, 29.1506748811, 235927.809253, 14.7668026614
11400, 29.1924279981, 236967.1683, 14.8036618295
11450, 29.2334539133, 238006.527259, 14.8405408253
11500, 29.2737528826, 239045.886123, 14.8774363078
11550, 29.3133253856, 240085.244888, 14.914344981
11600, 29.35217212, 241124.603549, 14.9512635944
11650, 29.3902939964, 242163.962101, 14.9881889428
11700, 29.4276921325, 243203.320539, 15.0251178664
11750, 29.4643678487, 244242.678859, 15.0620472511
11800, 29.5003226616, 245282.037056, 15.0989740286
11850, 29.53555828, 246321.395124, 15.1358951763
11900, 29.5700765985, 247360.753061, 15.1728077172
11950, 29.6038796932, 248400.110862, 15.2097087203
12000, 29.6369698161, 249439.468521, 15.2465953002
12050, 29.6693493902, 250478.826036, 15.2834646173
12100, 29.7010210042, 251518.183402, 15.3203138777
12150, 29.7319874078, 252557.540615, 15.3571403328
12200, 29.7622515065, 253596.897672, 15.3939412798
12250, 29.791816357, 254636.254568, 15.4307140611
12300, 29.8206851619, 255675.611299, 15.4674560644
12350, 29.8488612653, 256714.967863, 15.5041647223
12400, 29.8763481479, 257754.324255, 15.5408375125
12450, 29.9031494225, 258793.680473, 15.5774719575
12500, 29.9292688291, 259833.036512, 15.6140656239
12550, 29.9547102304, 260872.392369, 15.6506161232
12600, 29.9794776077, 261911.748042, 15.6871211105
12650, 30.003575056, 262951.103527, 15.723578285
12700, 30.0270067799, 263990.458821, 15.7599853895
12750, 30.0497770894, 265029.813922, 15.79634021
12800, 30.0718903953, 266069.168825, 15.8326405757
12850, 30.0933512055, 267108.523529, 15.8688843585
12900, 30.1141641206, 268147.87803, 15.9050694728
12950, 30.1343338301, 269187.232327, 15.9411938752
13000, 30.1538651085, 270226.586416, 15.9772555641
13050, 30.172762811, 271265.940296, 16.0132525796
13100, 30.1910318703, 272305.293963, 16.0491830027
13150, 30.2086772925, 273344.647415, 16.0850449555
13200, 30.2257041535, 274384.00065, 16.1208366007
13250, 30.2421175957, 275423.353666, 16.1565561408
13300, 30.2579228239, 276462.706461, 16.1922018184
13350, 30.2731251028, 277502.059032, 16.2277719154
13400, 30.2877297525, 278541.411378, 16.2632647528
13450, 30.3017421462, 279580.763497, 16.2986786904
13500, 30.3151677066, 280620.115387, 16.3340121259
13550, 30.3280119025, 281659.467046, 16.3692634953
13600, 30.3402802462, 282698.818472, 16.4044312719
13650, 30.3519782904, 283738.169664, 16.4395139663
13700, 30.363111625, 284777.520621, 16.4745101255
13750, 30.3736858745, 285816.87134, 16.5094183332
13800, 30.3837066953, 286856.22182, 16.5442372086
13850, 30.3931797727, 287895.57206, 16.5789654066
13900, 30.4021108185, 288934.922059, 16.6136016172
13950, 30.4105055685, 289974.271815, 16.648144565
14000, 30.4183697797, 291013.621327, 16.6825930089
14050, 30.4257092282, 292052.970594, 16.7169457416
14100, 30.4325297067, 293092.319615, 16.7512015892
14150, 30.4388370223, 294131.668388, 16.7853594108
14200, 30.4446369939, 295171.016914, 16.8194180981
14250, 30.4499354508, 296210.36519, 16.853376575
14300, 30.45473823, 297249.713216, 16.887233797
14350, 30.4590511744, 298289.060991, 16.920988751
14400, 30.4628801309, 299328.408515, 16.954640455
14450, 30.4662309484, 300367.755787, 16.9881879571
14500, 30.469109476, 301407.102805, 17.0216303358
14550, 30.4715215614, 302446.44957, 17.054966699
14600, 30.4734730491, 303485.796081, 17.088196184
14650, 30.4749697787, 304525.142337, 17.1213179569
14700, 30.4760175837, 305564.488338, 17.1543312122
14750, 30.4766222892, 306603.834083, 17.1872351724
14800, 30.4767897116, 307643.179572, 17.2200290874
14850, 30.4765256561, 308682.524805, 17.2527122347
14900, 30.4758359163, 309721.869781, 17.2852839181
14950, 30.4747262721, 310761.214501, 17.3177434683
15000, 30.4732024893, 311800.558963, 17.3500902415
15050, 30.471270318, 312839.903168, 17.3823236198
15100, 30.4689354913, 313879.247116, 17.4144430103
15150, 30.4662037251, 314918.590807, 17.4464478451
15200, 30.463080716, 315957.934239, 17.4783375805
15250, 30.4595721415, 316997.277415, 17.510111697
15300, 30.4556836582, 318036.620332, 17.5417696987
15350, 30.4514209017, 319075.962993, 17.573311113
15400, 30.4467894852, 320115.305396, 17.6047354901
15450, 30.4417949995, 321154.647541, 17.6360424028
15500, 30.4364430116, 322193.98943, 17.6672314461
15550, 30.4307390647, 323233.331062, 17.6983022368
15600, 30.4246886774, 324272.672437, 17.729254413
15650, 30.4182973431, 325312.013556, 17.7600876342
15700, 30.4115705296, 326351.354418, 17.7908015804
15750, 30.4045136789, 327390.695025, 17.8213959519
15800, 30.3971322066, 328430.035377, 17.8518704694
15850, 30.3894315017, 329469.375474, 17.8822248731
15900, 30.3814169262, 330508.715316, 17.9124589225
15950, 30.373093815, 331548.054903, 17.9425723963
16000, 30.3644674758, 332587.394238, 17.972565092
16050, 30.3555431887, 333626.733319, 18.0024368253
16100, 30.3463262066, 334666.072147, 18.0321874302
16150, 30.3368217545, 335705.410723, 18.0618167584
16200, 30.32703503, 336744.749048, 18.091324679
16250, 30.3169712032, 337784.087122, 18.1207110784
16300, 30.3066354167, 338823.424945, 18.14997586
16350, 30.2960327858, 339862.762519, 18.1791189435
16400, 30.2851683987, 340902.099844, 18.2081402652
16450, 30.2740473167, 341941.43692, 18.2370397772
16500, 30.2626745745, 342980.773749, 18.2658174475
16550, 30.2510551801, 344020.110332, 18.2944732595
16600, 30.2391941157, 345059.446668, 18.323007212
16650, 30.2270963377, 346098.782758, 18.3514193184
16700, 30.2147667773, 347138.118605, 18.3797096072
16750, 30.2022103407, 348177.454207, 18.4078781212
16800, 30.1894319098, 349216.789567, 18.4359249172
16850, 30.1764363425, 350256.124685, 18.4638500662
16900, 30.1632284736, 351295.459562, 18.491653653
16950, 30.149813115, 352334.794198, 18.5193357756
17000, 30.1361950565, 353374.128596, 18.5468965455
17050, 30.1223790664, 354413.462755, 18.5743360872
17100, 30.1083698924, 355452.796676, 18.601654538
17150, 30.0941722619, 356492.130361, 18.628852048
17200, 30.0797908832, 357531.463811, 18.6559287794
17250, 30.065230446, 358570.797026, 18.682884907
17300, 30.0504956223, 359610.130007, 18.7097206172
17350, 30.0355910673, 360649.462757, 18.7364361087
17400, 30.0205214202, 361688.795275, 18.7630315916
17450, 30.0052913053, 362728.127562, 18.7895072875
17500, 29.9899053327, 363767.45962, 18.8158634293
17550, 29.9743680995, 364806.79145, 18.8421002612
17600, 29.9586841905, 365846.123053, 18.8682180381
17650, 29.9428581796, 366885.45443, 18.894217026
17700, 29.9268946308, 367924.785583, 18.9200975013
17750, 29.910798099, 368964.116511, 18.9458597512
17800, 29.8945731316, 370003.447217, 18.9715040732
17850, 29.878224269, 371042.777701, 18.9970307748
17900, 29.8617560466, 372082.107966, 19.0224401739
17950, 29.8451729954, 373121.438011, 19.0477325982
18000, 29.8284796433, 374160.767838, 19.0729083855
18050, 29.8116805167, 375200.097449, 19.0979678831
18100, 29.7947801414, 376239.426845, 19.122911448
18150, 29.7777830443, 377278.756026, 19.1477394469
18200, 29.7606937543, 378318.084994, 19.1724522556
18250, 29.7435168042, 379357.413751, 19.1970502596
18300, 29.7262567315, 380396.742298, 19.2215338534
18350, 29.7089180803, 381436.070635, 19.2459034407
18400, 29.6915054024, 382475.398764, 19.2701594343
18450, 29.6740232593, 383514.726687, 19.2943022561
18500, 29.6564762229, 384554.054405, 19.3183323369
18550, 29.6388688776, 385593.381919, 19.3422501162
18600, 29.6212058218, 386632.70923, 19.3660560424
18650, 29.6034916691, 387672.03634, 19.3897505728
18700, 29.5857310502, 388711.36325, 19.4133341733
18750, 29.5679286146, 389750.689962, 19.4368073183
18800, 29.5500890317, 390790.016476, 19.460170491
18850, 29.5322169931, 391829.342795, 19.4834241833
18900, 29.5143172137, 392868.66892, 19.5065688953
18950, 29.4963944338, 393907.994851, 19.5296051358
19000, 29.4784534207, 394947.320591, 19.5525334223
19050, 29.4604989702, 395986.646141, 19.5753542805
19100, 29.4425359085, 397025.971503, 19.5980682447
19150, 29.4245690942, 398065.296677, 19.6206758577
19200, 29.4066034198, 399104.621665, 19.6431776706
19250, 29.3886438133, 400143.946469, 19.6655742431
19300, 29.3706952407, 401183.27109, 19.6878661435
19350, 29.352762707, 402222.59553, 19.7100539484
19400, 29.3348512589, 403261.91979, 19.7321382429
19450, 29.3169659858, 404301.243872, 19.7541196207
19500, 29.2991120224, 405340.567777, 19.775998684
19550, 29.2812945503, 406379.891507, 19.7977760438
19600, 29.2635187999, 407419.215063, 19.8194523193
19650, 29.2457900522, 408458.538446, 19.8410281388
19700, 29.2281136413, 409497.86166, 19.8625041389
19750, 29.2104949555, 410537.184704, 19.8838809653
19800, 29.19293944, 411576.50758, 19.9051592722
19850, 29.1754525987, 412615.830291, 19.9263397229
19900, 29.1580399958, 413655.152838, 19.9474229894
19950, 29.1407072585, 414694.475221, 19.9684097529
20000, 29.1234600783, 415733.797444, 19.9893007035
20050, 29.1063042135, 416773.119508, 20.0100965404
20100, 29.0892454913, 417812.441414, 20.0307979722
20150, 29.0722898093, 418851.763164, 20.0514057165
20200, 29.0554431382, 419891.084759, 20.0719205005
20250, 29.0387115234, 420930.406202, 20.0923430608
20300, 29.0221010874, 421969.727494, 20.1126741435
20350, 29.0056180318, 423009.048637, 20.1329145044
20400, 28.9892686391, 424048.369632, 20.1530649091
20450, 28.9730592753, 425087.690481, 20.1731261329
20500, 28.9569963917, 426127.011187, 20.1930989612
20550, 28.9410865269, 427166.33175, 20.2129841895
20600, 28.9253363092, 428205.652173, 20.2327826233
20650, 28.9097524587, 429244.972458, 20.2524950788
20700, 28.8943417892, 430284.292605, 20.2721223822
20750, 28.8791112105, 431323.612618, 20.2916653706
20800, 28.8640677305, 432362.932498, 20.3111248917
20850, 28.8492184575, 433402.252246, 20.3305018039
20900, 28.8345706018, 434441.571865, 20.3497969769
20950, 28.8201314786, 435480.891357, 20.3690112912
21000, 28.8059085097, 436520.210724, 20.3881456388
21050, 28.7919092254, 437559.529966, 20.4072009228
21100, 28.7781412674, 438598.849088, 20.4261780584
21150, 28.7646123901, 439638.168089, 20.4450779719
21200, 28.7513304635, 440677.486973, 20.463901602
21250, 28.7383034746, 441716.805742, 20.4826498991
21300, 28.7255395302, 442756.124397, 20.501323826
21350, 28.7130468587, 443795.44294, 20.5199243578
21400, 28.7008338121, 444834.761374, 20.5384524822
21450, 28.6889088686, 445874.079701, 20.5569091996
21500, 28.6772806341, 446913.397922, 20.5752955232
21550, 28.6659578449, 447952.71604, 20.5936124794
21600, 28.6549493694, 448992.034057, 20.6118611079
21650, 28.6442642104, 450031.351976, 20.6300424617
21700, 28.6339115072, 451070.669798, 20.6481576076
21750, 28.6239005376, 452109.987525, 20.6662076261
21800, 28.61424072, 453149.30516, 20.6841936117
21850, 28.6049416155, 454188.622706, 20.7021166734
21900, 28.5960129299, 455227.940164, 20.7199779342
21950, 28.5874645159, 456267.257536, 20.737778532
22000, 28.579306375, 457306.574826, 20.7555196194
22050, 28.5715486594, 458345.892034, 20.773202364
22100, 28.5642016744, 459385.209165, 20.7908279489
22150, 28.5572758799, 460424.52622, 20.8083975723
22200, 28.550781893, 461463.843202, 20.8259124482
22250, 28.5447304893, 462503.160112, 20.8433738065
22300, 28.5391326052, 463542.476954, 20.8607828932
22350, 28.53399934, 464581.793731, 20.8781409704
22400, 28.5293419575, 465621.110443, 20.895449317
22450, 28.5251718881, 466660.427095, 20.9127092285
22500, 28.5215007304, 467699.743689, 20.9299220174
22550, 28.5183402535, 468739.060228, 20.9470890134
22600, 28.5157023986, 469778.376713, 20.9642115637
22650, 28.5135992806, 470817.693148, 20.9812910328
22700, 28.5120431905, 471857.009535, 20.9983288036
22750, 28.5110465964, 472896.325878, 21.0153262768
22800, 28.5106221462, 473935.642179, 21.0322848714
22850, 28.5107826682, 474974.95844, 21.0492060251
22900, 28.5115411738, 476014.274665, 21.0660911944
22950, 28.5129108587, 477053.590857, 21.082941855
23000, 28.5149051045, 478092.907018, 21.0997595014
23050, 28.5175374807, 479132.223151, 21.1165456482
23100, 28.5208217459, 480171.53926, 21.1333018295
23150, 28.5247718494, 481210.855347, 21.1500295993
23200, 28.5294019331, 482250.171416, 21.166730532
23250, 28.5347263327, 483289.487468, 21.1834062224
23300, 28.5407595791, 484328.803509, 21.2000582862
23350, 28.5475164001, 485368.11954, 21.2166883598
23400, 28.5550117218, 486407.435565, 21.233298101
23450, 28.5632606696, 487446.751587, 21.249889189
23500, 28.5722785699, 488486.067609, 21.2664633248
23550, 28.5820809514, 489525.383636, 21.2830222311
23600, 28.5926835463, 490564.699669, 21.2995676531
23650, 28.6041022912, 491604.015712, 21.3161013581
23700, 28.616353329, 492643.331769, 21.3326251364
23750, 28.6294530092, 493682.647844, 21.349140801
23800, 28.6434178897, 494721.963939, 21.3656501882
23850, 28.6582647375, 495761.280058, 21.3821551576
23900, 28.6740105299, 496800.596206, 21.3986575924
23950, 28.6906724554, 497839.912384, 21.4151593999
24000, 28.7082679144, 498879.228598, 21.4316625115
24050, 28.7268145207, 499918.544851, 21.4481688827
24100, 28.7463301015, 500957.861146, 21.4646804939
24150, 28.7668326989, 501997.177487, 21.4811993502
24200, 28.7883405705, 503036.493879, 21.4977274821
24250, 28.8108721896, 504075.810325, 21.5142669449
24300, 28.8344462466, 505115.126828, 21.53081982
24350, 28.859081649, 506154.443394, 21.5473882143
24400, 28.884797522, 507193.760025, 21.5639742609
24450, 28.9116132094, 508233.076727, 21.5805801189
24500, 28.9395482734, 509272.393502, 21.5972079743
24550, 28.9686224957, 510311.710356, 21.6138600396
24600, 28.998855877, 511351.027292, 21.6305385542
24650, 29.0302686379, 512390.344314, 21.647245785
24700, 29.0628812187, 513429.661428, 21.6639840259
24750, 29.0967142798, 514468.978637, 21.6807555988
24800, 29.1317887014, 515508.295946, 21.6975628533
24850, 29.1681255841, 516547.613359, 21.7144081671
24900, 29.2057462481, 517586.93088, 21.7312939461
24950, 29.2446722335, 518626.248514, 21.7482226249
25000, 29.2849253003, 519665.566266, 21.7651966667
25050, 29.3265274274, 520704.884141, 21.7822185637
25100, 29.3695008131, 521744.202143, 21.7992908371
25150, 29.4138678741, 522783.520276, 21.8164160376
25200, 29.4596512454, 523822.838546, 21.8335967453
25250, 29.5068737794, 524862.156957, 21.8508355702
25300, 29.5555585455, 525901.475515, 21.8681351522
25350, 29.6057288293, 526940.794224, 21.8854981611
25400, 29.657408132, 527980.113089, 21.9029272973
25450, 29.7106201691, 529019.432115, 21.9204252915
25500, 29.7653888698, 530058.751308, 21.9379949053
25550, 29.8217383761, 531098.070672, 21.9556389309
25600, 29.8796930413, 532137.390214, 21.9733601916
25650, 29.939277429, 533176.709937, 21.9911615421
25700, 30.0005163118, 534216.029848, 22.0090458681
25750, 30.06343467, 535255.349951, 22.0270160872
25800, 30.1280576899, 536294.670253, 22.0450751484
25850, 30.1944107626, 537333.990758, 22.0632260326
25900, 30.2625194821, 538373.311473, 22.0814717528
25950, 30.3324096436, 539412.632403, 22.0998153541
26000, 30.4041072417, 540451.953553, 22.1182599136
26050, 30.4776384687, 541491.274929, 22.1368085412
26100, 30.553029712, 542530.596537, 22.155464379
26150, 30.6303075526, 543569.918383, 22.1742306019
26200, 30.7094987624, 544609.240473, 22.1931104176
26250, 30.7906303023, 545648.562813, 22.2121070665
26300, 30.8737293194, 546687.885408, 22.2312238221
26350, 30.9588231446, 547727.208265, 22.250463991
26400, 31.04593929, 548766.53139, 22.2698309129
26450, 31.1351054463, 549805.854789, 22.289327961
26500, 31.2263494794, 550845.178469, 22.3089585415
26550, 31.319699428, 551884.502435, 22.3287260942
26600, 31.4151835004, 552923.826694, 22.3486340925
26650, 31.5128300711, 553963.151252, 22.3686860432
26700, 31.6126676774, 555002.476116, 22.3888854868
26750, 31.7147250166, 556041.801292, 22.4092359974
26800, 31.8190309416, 557081.126788, 22.429741183
26850, 31.9256144578, 558120.452609, 22.450404685
26900, 32.0345047193, 559159.778762, 22.4712301789
26950, 32.1457310246, 560199.105254, 22.4922213739
27000, 32.2593228129, 561238.432092, 22.513382013
27050, 32.3753096599, 562277.759283, 22.534715873
27100, 32.4937212733, 563317.086834, 22.5562267645
27150, 32.6145874888, 564356.414751, 22.577918532
27200, 32.7379382648, 565395.743043, 22.5997950536
27250, 32.8638036786, 566435.071715, 22.6218602415
27300, 32.992213921, 567474.400775, 22.6441180412
27350, 33.1231992916, 568513.73023, 22.6665724322
27400, 33.2567901934, 569553.060088, 22.6892274276
27450, 33.393017128, 570592.390356, 22.7120870739
27500, 33.5319106901, 571631.721041, 22.7351554512
27550, 33.6735015617, 572671.052151, 22.7584366731
27600, 33.8178205067, 573710.383693, 22.7819348865
27650, 33.9648983653, 574749.715675, 22.8056542713
27700, 34.1147660476, 575789.048105, 22.8295990409
27750, 34.2674545279, 576828.38099, 22.8537734415
27800, 34.4229948384, 577867.714338, 22.8781817521
27850, 34.5814180624, 578907.048156, 22.9028282847
27900, 34.7427553287, 579946.382454, 22.9277173837
27950, 34.9070378037, 580985.717237, 22.9528534259
28000, 35.0742966859, 582025.052516, 22.9782408205
28050, 35.2445631977, 583064.388296, 23.0038840087
28100, 35.417868579, 584103.724588, 23.0297874637
28150, 35.5942440799, 585143.061398, 23.0559556902
28200, 35.7737209527, 586182.398735, 23.0823932246
28250, 35.956330445, 587221.736607, 23.1091046344
28300, 36.1421037915, 588261.075023, 23.1360945182
28350, 36.331072206, 589300.41399, 23.1633675052
28400, 36.5232668739, 590339.753518, 23.1909282554
28450, 36.7187189431, 591379.093614, 23.2187814587
28500, 36.9174595165, 592418.434287, 23.2469318352
28550, 37.1195196428, 593457.775546, 23.2753841346
28600, 37.324930308, 594497.117399, 23.3041431359
28650, 37.5337224265, 595536.459855, 23.333213647
28700, 37.7459268321, 596575.802922, 23.3626005048
28750, 37.9615742687, 597615.14661, 23.3923085742
28800, 38.1806953811, 598654.490927, 23.4223427483
28850, 38.4033207052, 599693.835882, 23.4527079477
28900, 38.6294806585, 600733.181483, 23.4834091203
28950, 38.8592055302, 601772.52774, 23.5144512407
29000, 39.0925254709, 602811.874662, 23.5458393099
29050, 39.3294704831, 603851.222257, 23.577578355
29100, 39.5700704099, 604890.570535, 23.6096734285
29150, 39.8143549255, 605929.919505, 23.6421296081
29200, 40.0623535234, 606969.269176, 23.6749519958
29250, 40.3140955066, 608008.619556, 23.7081457181
29300, 40.569609976, 609047.970656, 23.7417159249
29350, 40.8289258193, 610087.322484, 23.7756677892
29400, 41.0920716999, 611126.67505, 23.8100065066
29450, 41.359076045, 612166.028363, 23.8447372946
29500, 41.6299670343, 613205.382432, 23.8798653924
29550, 41.9047725884, 614244.737267, 23.9153960599
29600, 42.183520356, 615284.092876, 23.9513345774
29650, 42.4662377027, 616323.449271, 23.9876862449
29700, 42.7529516983, 617362.806459, 24.0244563812
29750, 43.0436891042, 618402.16445, 24.061650324
29800, 43.3384763613, 619441.523255, 24.0992734284
29850, 43.6373395769, 620480.882882, 24.1373310668
29900, 43.940304512, 621520.243341, 24.1758286279
29950, 44.2473965682, 622559.604641, 24.2147715163
30000, 44.5586407745, 623598.966793, 24.2541651516
30050, 44.8740617742, 624638.329805, 24.2940149675
30100, 45.1936838113, 625677.693688, 24.3343264114
30150, 45.5175307171, 626717.05845, 24.3751049435
30200, 45.8456258962, 627756.424103, 24.4163560358
30250, 46.1779923127, 628795.790654, 24.4580851717
30300, 46.5146524768, 629835.158115, 24.5002978449
30350, 46.85562843, 630874.526494, 24.5429995587
30400, 47.2009417312, 631913.895802, 24.586195825
30450, 47.5506134424, 632953.266048, 24.6298921638
30500, 47.9046641143, 633992.637242, 24.6740941017
30550, 48.2631137716, 635032.009393, 24.7188071717
30600, 48.6259818986, 636071.382512, 24.7640369117
30650, 48.9932874242, 637110.756608, 24.8097888641
30700, 49.3650487072, 638150.13169, 24.8560685745
30750, 49.7412835213, 639189.507769, 24.9028815906
30800, 50.1220090401, 640228.884853, 24.9502334618
30850, 50.5072418222, 641268.262954, 24.9981297376
30900, 50.8969977957, 642307.64208, 25.0465759671
30950, 51.291292243, 643347.022241, 25.0955776973
31000, 51.6901397857, 644386.403447, 25.145140473
31050, 52.0935543693, 645425.785707, 25.1952698348
31100, 52.5015492471, 646465.169031, 25.2459713185
31150, 52.9141369656, 647504.55343, 25.2972504543
31200, 53.3313293485, 648543.938911, 25.3491127648
31250, 53.7531374812, 649583.325485, 25.4015637649
31300, 54.1795716952, 650622.713161, 25.4546089598
31350, 54.6106415525, 651662.101949, 25.5082538445
31400, 55.0463558302, 652701.491859, 25.5625039021
31450, 55.4867225046, 653740.882899, 25.6173646031
31500, 55.9317487356, 654780.275079, 25.6728414037
31550, 56.3814408513, 655819.668409, 25.728939745
31600, 56.8358043321, 656859.062897, 25.7856650516
31650, 57.2948437953, 657898.458553, 25.8430227304
31700, 57.7585629795, 658937.855387, 25.901018169
31750, 58.226964729, 659977.253407, 25.9596567352
31800, 58.7000509786, 661016.652623, 26.0189437748
31850, 59.1778227378, 662056.053044, 26.0788846109
31900, 59.6602800759, 663095.454678, 26.1394845424
31950, 60.1474221062, 664134.857535, 26.2007488426
32000, 60.6392469714, 665174.261623, 26.262682758
32050, 61.1357518279, 666213.666952, 26.3252915067
32100, 61.6369328313, 667253.07353, 26.3885802775
32150, 62.1427851214, 668292.481366, 26.4525542279
32200, 62.6533028071, 669331.890468, 26.5172184831
32250, 63.1684789524, 670371.300846, 26.5825781345
32300, 63.6883055612, 671410.712507, 26.6486382383
32350, 64.2127735635, 672450.12546, 26.715403814
32400, 64.7418728012, 673489.539714, 26.782879843
32450, 65.2755920136, 674528.955276, 26.8510712672
32500, 65.8139188243, 675568.372154, 26.9199829874
32550, 66.356839727, 676607.790358, 26.9896198619
32600, 66.9043400724, 677647.209894, 27.0599867052
32650, 67.4564040551, 678686.630771, 27.1310882861
32700, 68.0130147002, 679726.052997, 27.2029293265
32750, 68.574153851, 680765.476578, 27.2755144999
32800, 69.1398021564, 681804.901523, 27.3488484297
32850, 69.7099390586, 682844.32784, 27.4229356879
32900, 70.2845427813, 683883.755535, 27.4977807932
32950, 70.863590318, 684923.184615, 27.5733882101
33000, 71.4470574207, 685962.615089, 27.6497623466
33050, 72.0349185888, 687002.046962, 27.7269075533
33100, 72.6271470585, 688041.480242, 27.8048281213
33150, 73.2237147921, 689080.914936, 27.8835282811
33200, 73.8245924686, 690120.35105, 27.9630122008
33250, 74.4297494734, 691159.788591, 28.0432839847
33300, 75.0391538893, 692199.227565, 28.1243476713
33350, 75.6527724876, 693238.667978, 28.2062072323
33400, 76.2705707197, 694278.109836, 28.2888665708
33450, 76.8925127085, 695317.553146, 28.3723295197
33500, 77.5185612413, 696356.997913, 28.45659984
33550, 78.1486777622, 697396.444143, 28.5416812194
33600, 78.7828223654, 698435.891842, 28.6275772708
33650, 79.4209537888, 699475.341014, 28.7142915307
33700, 80.0630294082, 700514.791665, 28.8018274574
33750, 80.7090052318, 701554.2438, 28.8901884296
33800, 81.3588358952, 702593.697424, 28.9793777451
33850, 82.0124746574, 703633.152542, 29.0693986187
33900, 82.6698733964, 704672.609157, 29.1602541811
33950, 83.330982606, 705712.067276, 29.2519474773
34000, 83.9957513931, 706751.526901, 29.3444814648
34050, 84.6641274754, 707790.988037, 29.4378590124
34100, 85.3360571794, 708830.450687, 29.5320828984
34150, 86.0114854397, 709869.914856, 29.6271558094
34200, 86.6903557978, 710909.380547, 29.7230803384
34250, 87.3726104029, 711948.847763, 29.8198589838
34300, 88.0581900118, 712988.316507, 29.9174941474
34350, 88.7470339905, 714027.786782, 30.0159881334
34400, 89.439080316, 715067.258591, 30.1153431465
34450, 90.1342655788, 716106.731936, 30.2155612911
34500, 90.8325249859, 717146.206821, 30.3166445691
34550, 91.5337923646, 718185.683246, 30.418594879
34600, 92.238000167, 719225.161213, 30.5214140143
34650, 92.9450794749, 720264.640726, 30.6251036625
34700, 93.6549600059, 721304.121784, 30.729665403
34750, 94.3675701193, 722343.604389, 30.8351007064
34800, 95.0828368239, 723383.088543, 30.9414109332
34850, 95.800685785, 724422.574246, 31.0485973319
34900, 96.5210413337, 725462.061499, 31.1566610383
34950, 97.2438264756, 726501.550302, 31.265603074
35000, 97.9689629008, 727541.040655, 31.3754243452
35050, 98.6963709946, 728580.532559, 31.4861256416
35100, 99.425969849, 729620.026012, 31.597707635
35150, 100.157677274, 730659.521016, 31.7101708782
35200, 100.891409813, 731699.017568, 31.823515804
35250, 101.627082751, 732738.515668, 31.937742724
35300, 102.364610136, 733778.015315, 32.0528518275
35350, 103.103904786, 734817.516507, 32.1688431804
35400, 103.844878314, 735857.019243, 32.2857167243
35450, 104.587441134, 736896.52352, 32.4034722756
35500, 105.331502488, 737936.029337, 32.5221095241
35550, 106.076970456, 738975.53669, 32.6416280324
35600, 106.823751982, 740015.045579, 32.7620272352
35650, 107.571752887, 741054.555999, 32.883306438
35700, 108.320877892, 742094.067947, 33.0054648164
35750, 109.071030638, 743133.58142, 33.1285014155
35800, 109.822113711, 744173.096414, 33.2524151488
35850, 110.574028659, 745212.612926, 33.3772047978
35900, 111.326676017, 746252.130951, 33.5028690113
35950, 112.079955334, 747291.650485, 33.6294063043
36000, 112.833765193, 748331.171523, 33.756815058
36050, 113.588003238, 749370.69406, 33.8850935186
36100, 114.3425662, 750410.218092, 34.0142397975
36150, 115.097349923, 751449.743611, 34.1442518702
36200, 115.852249392, 752489.270614, 34.2751275758
36250, 116.60715876, 753528.799094, 34.4068646172
36300, 117.361971378, 754568.329044, 34.5394605602
36350, 118.116579821, 755607.860459, 34.6729128332
36400, 118.870875921, 756647.393331, 34.8072187273
36450, 119.624750798, 757686.927654, 34.9423753954
36500, 120.378094887, 758726.463419, 35.0783798528
36550, 121.130797974, 759766.000621, 35.2152289762
36600, 121.882749225, 760805.53925, 35.3529195045
36650, 122.633837222, 761845.079299, 35.4914480378
36700, 123.383949994, 762884.62076, 35.630811038
36750, 124.13297505, 763924.163624, 35.7710048287
36800, 124.880799418, 764963.707882, 35.9120255952
36850, 125.627309676, 766003.253525, 36.0538693846
36900, 126.372391988, 767042.800543, 36.196532106
36950, 127.115932141, 768082.348928, 36.3400095306
37000, 127.857815583, 769121.898669, 36.4842972925
37050, 128.597927454, 770161.449756, 36.629390888
37100, 129.336152632, 771201.002179, 36.7752856769
37150, 130.072375762, 772240.555927, 36.9219768825
37200, 130.806481301, 773280.110989, 37.0694595921
37250, 131.538353552, 774319.667355, 37.2177287574
37300, 132.267876705, 775359.225012, 37.3667791951
37350, 132.994934876, 776398.783949, 37.5166055877
37400, 133.719412145, 777438.344154, 37.667202484
37450, 134.441192597, 778477.905616, 37.8185642995
37500, 135.160160363, 779517.468321, 37.9706853177
37550, 135.876199656, 780557.032257, 38.1235596906
37600, 136.589194818, 781596.597412, 38.2771814394
37650, 137.299030353, 782636.163772, 38.4315444556
37700, 138.005590974, 783675.731324, 38.5866425019
37750, 138.708761642, 784715.300053, 38.7424692131
37800, 139.408427604, 785754.869948, 38.8990180974
37850, 140.104474438, 786794.440993, 39.0562825369
37900, 140.796788093, 787834.013174, 39.2142557895
37950, 141.485254928, 788873.586476, 39.3729309893
38000, 142.169761758, 789913.160886, 39.5323011486
38050, 142.850195889, 790952.736388, 39.6923591583
38100, 143.526445163, 791992.312967, 39.8530977899
38150, 144.198397999, 793031.890607, 40.0145096967
38200, 144.865943433, 794071.469294, 40.1765874151
38250, 145.528971159, 795111.049011, 40.3393233658
38300, 146.187371567, 796150.629742, 40.5027098558
38350, 146.841035789, 797190.211471, 40.6667390798
38400, 147.489855736, 798229.794182, 40.8314031213
38450, 148.133724137, 799269.377858, 40.9966939549
38500, 148.772534581, 800308.962483, 41.1626034475
38550, 149.406181554, 801348.548039, 41.3291233601
38600, 150.034560481, 802388.13451, 41.4962453498
38650, 150.657567763, 803427.721877, 41.6639609711
38700, 151.275100817, 804467.310124, 41.832261678
38750, 151.887058111, 805506.899233, 42.001138826
38800, 152.493339205, 806546.489186, 42.1705836737
38850, 153.093844787, 807586.079965, 42.3405873849
38900, 153.688476708, 808625.671552, 42.5111410303
38950, 154.277138023, 809665.263929, 42.68223559
39000, 154.85973302, 810704.857077, 42.8538619551
39050, 155.436167262, 811744.450977, 43.0260109298
39100, 156.006347616, 812784.045611, 43.1986732338
39150, 156.570182291, 813823.640959, 43.371839504
39200, 157.127580869, 814863.237004, 43.545500297
39250, 157.678454339, 815902.833725, 43.7196460912
39300, 158.222715131, 816942.431104, 43.8942672887
39350, 158.760277142, 817982.02912, 44.0693542182
39400, 159.291055773, 819021.627755, 44.2448971364
39450, 159.814967954, 820061.226988, 44.4208862312
39500, 160.331932178, 821100.8268, 44.5973116232
39550, 160.841868527, 822140.427172, 44.7741633685
39600, 161.344698698, 823180.028083, 44.951431461
39650, 161.840346034, 824219.629512, 45.1291058347
39700, 162.328735548, 825259.231441, 45.307176366
39750, 162.809793948, 826298.833848, 45.4856328764
39800, 163.283449665, 827338.436714, 45.6644651344
39850, 163.749632871, 828378.040017, 45.8436628585
39900, 164.208275506, 829417.643739, 46.0232157196
39950, 164.659311299, 830457.247857, 46.2031133429
40000, 165.10267579, 831496.852351, 46.3833453111
40050, 165.538306348, 832536.457202, 46.5639011663
40100, 165.966142191, 833576.062387, 46.7447704128
40150, 166.386124406, 834615.667887, 46.9259425198
40200, 166.798195965, 835655.27368, 47.1074069235
40250, 167.202301741, 836694.879746, 47.2891530296
40300, 167.598388524, 837734.486064, 47.4711702163
40350, 167.986405036, 838774.092613, 47.6534478364
40400, 168.366301945, 839813.699372, 47.83597522
40450, 168.738031875, 840853.30632, 48.018741677
40500, 169.10154942, 841892.913436, 48.2017364994
40550, 169.456811156, 842932.5207, 48.3849489644
40600, 169.803775647, 843972.128091, 48.5683683362
40650, 170.142403453, 845011.735586, 48.7519838691
40700, 170.472657145, 846051.343167, 48.9357848096
40750, 170.794501303, 847090.950811, 49.1197603994
40800, 171.107902527, 848130.558498, 49.3038998771
40850, 171.412829438, 849170.166206, 49.4881924817
40900, 171.709252687, 850209.773916, 49.6726274541
40950, 171.997144952, 851249.381606, 49.8571940403
41000, 172.276480943, 852288.989256, 50.0418814934
41050, 172.547237402, 853328.596844, 50.2266790764
41100, 172.809393103, 854368.204351, 50.4115760642
41150, 173.06292885, 855407.811755, 50.5965617464
41200, 173.307827477, 856447.419036, 50.7816254295
41250, 173.54407384, 857487.026173, 50.9667564393
41300, 173.771654821, 858526.633146, 51.1519441233
41350, 173.990559314, 859566.239935, 51.337177853
41400, 174.200778226, 860605.846519, 51.5224470263
41450, 174.402304468, 861645.452878, 51.7077410696
41500, 174.595132944, 862685.058992, 51.8930494402
41550, 174.779260549, 863724.664841, 52.0783616287
41600, 174.954686153, 864764.270405, 52.2636671608
41650, 175.121410595, 865803.875664, 52.4489556002
41700, 175.279436668, 866843.480599, 52.6342165498
41750, 175.428769112, 867883.085188, 52.8194396549
41800, 175.569414596, 868922.689414, 53.0046146045
41850, 175.701381706, 869962.293257, 53.1897311338
41900, 175.824680932, 871001.896697, 53.3747790261
41950, 175.939324652, 872041.499715, 53.5597481149
42000, 176.045327114, 873081.102292, 53.7446282861
42050, 176.14270442, 874120.704409, 53.9294094794
42100, 176.231474511, 875160.306047, 54.1140816908
42150, 176.311657145, 876199.907187, 54.2986349744
42200, 176.38327388, 877239.507812, 54.4830594439
42250, 176.446348054, 878279.107902, 54.6673452749
42300, 176.500904765, 879318.70744, 54.8514827065
42350, 176.546970848, 880358.306406, 55.0354620429
42400, 176.584574856, 881397.904784, 55.2192736555
42450, 176.613747038, 882437.502555, 55.4029079843
42500, 176.634519312, 883477.099702, 55.5863555396
42550, 176.646925245, 884516.696207, 55.7696069038
42600, 176.651000032, 885556.292053, 55.9526527328
42650, 176.646780463, 886595.887223, 56.1354837576
42700, 176.634304907, 887635.481699, 56.3180907859
42750, 176.61361328, 888675.075465, 56.5004647032
42800, 176.584747024, 889714.668504, 56.6825964749
42850, 176.547749077, 890754.260801, 56.864477147
42900, 176.502663847, 891793.852337, 57.0460978479
42950, 176.449537187, 892833.443098, 57.2274497896
43000, 176.388416366, 893873.033067, 57.4085242689
43050, 176.319350039, 894912.622229, 57.5893126686
43100, 176.242388223, 895952.210567, 57.7698064589
43150, 176.157582264, 896991.798068, 57.9499971985
43200, 176.064984812, 898031.384714, 58.1298765353
43250, 175.96464979, 899070.970493, 58.3094362083
43300, 175.856632364, 900110.555387, 58.4886680478
43350, 175.740988914, 901150.139384, 58.667563977
43400, 175.617777006, 902189.722469, 58.8461160124
43450, 175.487055359, 903229.304627, 59.0243162653
43500, 175.348883817, 904268.885845, 59.2021569423
43550, 175.203323317, 905308.466108, 59.3796303463
43600, 175.050435859, 906348.045403, 59.5567288771
43650, 174.890284478, 907387.623717, 59.7334450325
43700, 174.722933209, 908427.201037, 59.9097714085
43750, 174.548447059, 909466.777349, 60.0857007005
43800, 174.366891976, 910506.35264, 60.2612257037
43850, 174.178334818, 911545.926899, 60.4363393137
43900, 173.982843321, 912585.500113, 60.6110345271
43950, 173.780486071, 913625.07227, 60.7853044419
44000, 173.57133247, 914664.643357, 60.9591422583
44050, 173.355452705, 915704.213364, 61.1325412787
44100, 173.132917723, 916743.782278, 61.3054949086
44150, 172.903799194, 917783.350088, 61.4779966565
44200, 172.668169481, 918822.916784, 61.6500401345
44250, 172.426101615, 919862.482354, 61.8216190588
44300, 172.177669258, 920902.046788, 61.9927272493
44350, 171.922946678, 921941.610075, 62.1633586306
44400, 171.662008714, 922981.172205, 62.3335072317
44450, 171.394930753, 924020.733169, 62.5031671863
44500, 171.121788693, 925060.292956, 62.6723327331
44550, 170.842658918, 926099.851556, 62.8409982154
44600, 170.557618268, 927139.408961, 63.0091580817
44650, 170.266744009, 928178.965162, 63.1768068855
44700, 169.970113805, 929218.520149, 63.3439392851
44750, 169.66780569, 930258.073913, 63.510550044
44800, 169.359898036, 931297.626447, 63.6766340304
44850, 169.046469532, 932337.177741, 63.8421862173
44900, 168.72759915, 933376.727789, 64.0072016825
44950, 168.403366121, 934416.276581, 64.171675608
45000, 168.073849904, 935455.824111, 64.3356032802
45050, 167.739130164, 936495.37037, 64.4989800897
45100, 167.399286745, 937534.915353, 64.6618015307
45150, 167.054399639, 938574.459051, 64.824063201
45200, 166.704548965, 939614.001457, 64.9857608018
45250, 166.349814941, 940653.542566, 65.1468901369
45300, 165.990277862, 941693.082371, 65.3074471127
45350, 165.626018072, 942732.620866, 65.4674277381
45400, 165.257115939, 943772.158044, 65.6268281232
45450, 164.883651836, 944811.6939, 65.7856444799
45500, 164.505706112, 945851.228429, 65.9438731206
45550, 164.123359072, 946890.761624, 66.1015104583
45600, 163.736690952, 947930.293481, 66.2585530057
45650, 163.3457819, 948969.823995, 66.414997375
45700, 162.95071195, 950009.353161, 66.5708402771
45750, 162.551561002, 951048.880975, 66.7260785212
45800, 162.148408803, 952088.407431, 66.8807090142
45850, 161.741334922, 953127.932526, 67.0347287598
45900, 161.330418734, 954167.456256, 67.1881348584
45950, 160.915739396, 955206.978618, 67.3409245061
46000, 160.497375832, 956246.499606, 67.4930949939
46050, 160.075406709, 957286.019218, 67.6446437075
46100, 159.649910423, 958325.537451, 67.7955681263
46150, 159.220965077, 959365.054302, 67.9458658225
46200, 158.788648467, 960404.569767, 68.0955344608
46250, 158.35303806, 961444.083844, 68.2445717974
46300, 157.914210981, 962483.596531, 68.3929756794
46350, 157.472243996, 963523.107825, 68.5407440437
46400, 157.027213494, 964562.617723, 68.6878749165
46450, 156.579195474, 965602.126225, 68.8343664126
46500, 156.128265526, 966641.633328, 68.9802167343
46550, 155.674498822, 967681.13903, 69.1254241708
46600, 155.217970096, 968720.643329, 69.269987097
46650, 154.758753633, 969760.146226, 69.4139039733
46700, 154.296923255, 970799.647718, 69.5571733442
46750, 153.83255231, 971839.147804, 69.6997938376
46800, 153.365713655, 972878.646484, 69.841764164
46850, 152.896479647, 973918.143757, 69.9830831155
46900, 152.424922131, 974957.639622, 70.1237495651
46950, 151.951112429, 975997.134078, 70.2637624654
47000, 151.475121327, 977036.627127, 70.4031208484
47050, 150.997019066, 978076.118767, 70.5418238238
47100, 150.516875331, 979115.608999, 70.6798705786
47150, 150.034759243, 980155.097823, 70.817260376
47200, 149.550739349, 981194.58524, 70.9539925546
47250, 149.064883611, 982234.071249, 71.0900665271
47300, 148.577259399, 983273.555852, 71.2254817798
47350, 148.087933486, 984313.039049, 71.3602378717
47400, 147.596972035, 985352.520841, 71.4943344329
47450, 147.104440592, 986392.001229, 71.6277711645
47500, 146.610404083, 987431.480215, 71.7605478371
47550, 146.114926806, 988470.9578, 71.8926642899
47600, 145.618072421, 989510.433985, 72.0241204299
47650, 145.11990395, 990549.908771, 72.1549162311
47700, 144.620483764, 991589.382162, 72.285051733
47750, 144.119873587, 992628.854157, 72.4145270403
47800, 143.618134482, 993668.32476, 72.5433423214
47850, 143.115326852, 994707.793973, 72.6714978077
47900, 142.611510435, 995747.261797, 72.7989937928
47950, 142.106744298, 996786.728235, 72.9258306311
48000, 141.601086836, 997826.193289, 73.0520087372
48050, 141.094595767, 998865.656962, 73.1775285849
48100, 140.587328129, 999905.119256, 73.3023907061
48150, 140.079340278, 1000944.58017, 73.4265956901
48200, 139.570687886, 1001984.03972, 73.5501441825
48250, 139.061425937, 1003023.4979, 73.6730368839
48300, 138.551608728, 1004062.9547, 73.7952745498
48350, 138.041289865, 1005102.41015, 73.9168579889
48400, 137.530522264, 1006141.86423, 74.0377880624
48450, 137.019358147, 1007181.31696, 74.1580656834
48500, 136.507849044, 1008220.76833, 74.2776918154
48550, 135.996045792, 1009260.21836, 74.3966674718
48600, 135.483998534, 1010299.66703, 74.5149937147
48650, 134.971756719, 1011339.11437, 74.6326716543
48700, 134.459369102, 1012378.56036, 74.7497024478
48750, 133.946883747, 1013418.00502, 74.8660872983
48800, 133.434348025, 1014457.44835, 74.9818274544
48850, 132.921808614, 1015496.89035, 75.0969242089
48900, 132.409311506, 1016536.33102, 75.211378898
48950, 131.896901999, 1017575.77038, 75.3251929005
49000, 131.384624709, 1018615.20843, 75.4383676368
49050, 130.872523563, 1019654.64516, 75.5509045682
49100, 130.360641807, 1020694.08058, 75.6628051959
49150, 129.849022004, 1021733.51471, 75.7740710602
49200, 129.337706039, 1022772.94754, 75.8847037395
49250, 128.82673512, 1023812.37907, 75.9947048499
49300, 128.316149782, 1024851.80932, 76.1040760438
49350, 127.805989889, 1025891.23829, 76.2128190094
49400, 127.296294636, 1026930.66597, 76.3209354697
49450, 126.787102555, 1027970.09239, 76.4284271819
49500, 126.278451515, 1029009.51753, 76.5352959366
49550, 125.770378728, 1030048.94142, 76.6415435566
49600, 125.26292075, 1031088.36404, 76.7471718965
49650, 124.75611349, 1032127.78541, 76.8521828419
49700, 124.249992205, 1033167.20553, 76.9565783083
49750, 123.744591513, 1034206.62441, 77.0603602409
49800, 123.239945391, 1035246.04205, 77.1635306131
49850, 122.736087184, 1036285.45846, 77.2660914264
49900, 122.233049605, 1037324.87364, 77.3680447093
49950, 121.730864739, 1038364.2876, 77.4693925167
