T, Cp, H, S
300, 20.7861495, 6235.84485, 11.5262887365
350, 20.7861495, 7275.152325, 11.5262887365
400, 20.7861495, 8314.4598, 11.5262887365
450, 20.7861495, 9353.767275, 11.5262887365
500, 20.7861495, 10393.07475, 11.5262887365
550, 20.7861495, 11432.382225, 11.5262887365
600, 20.7861495, 12471.6897, 11.5262887365
650, 20.7861495, 13510.997175, 11.5262887365
700, 20.7861495, 14550.30465, 11.5262887365
750, 20.7861495, 15589.612125, 11.5262887365
800, 20.7861495, 16628.9196, 11.5262887365
850, 20.7861495, 17668.227075, 11.5262887365
900, 20.7861495, 18707.53455, 11.5262887365
950, 20.7861495, 19746.842025, 11.5262887365
1000, 20.7861495, 20786.1495, 11.5262887365
1050, 20.7861495, 21825.456975, 11.5262887365
1100, 20.7861495, 22864.76445, 11.5262887365
1150, 20.7861495001, 23904.071925, 11.5262887365
1200, 20.7861495002, 24943.3794, 11.5262887365
1250, 20.7861495008, 25982.686875, 11.5262887365
1300, 20.7861495024, 27021.99435, 11.5262887366
1350, 20.7861495066, 28061.301825, 11.5262887367
1400, 20.7861495169, 29100.6093, 11.5262887371
1450, 20.7861495408, 30139.916775, 11.5262887381
1500, 20.7861495926, 31179.22425, 11.5262887402
1550, 20.7861496988, 32218.531725, 11.5262887448
1600, 20.7861499062, 33257.8392, 11.526288754
1650, 20.7861502932, 34297.1466751, 11.5262887719
1700, 20.7861509865, 35336.4541501, 11.5262888049
1750, 20.7861521831, 36375.7616252, 11.5262888637
1800, 20.7861541792, 37415.0691004, 11.526288965
1850, 20.7861574068, 38454.3765758, 11.5262891338
1900, 20.7861624783, 39493.6840513, 11.526289407
1950, 20.7861702402, 40532.9915271, 11.5262898376
2000, 20.7861818351, 41572.2990034, 11.5262904993
2050, 20.786198772, 42611.6064802, 11.5262914932
2100, 20.7862230042, 43650.913958, 11.5262929544
2150, 20.7862570143, 44690.221437, 11.5262950606
2200, 20.7863039034, 45729.5289176, 11.5262980411
2250, 20.7863674846, 46768.8364004, 11.5263021875
2300, 20.7864523775, 47808.1438861, 11.5263078643
2350, 20.7865641025, 48847.4513755, 11.5263155215
2400, 20.7867091729, 49886.7588696, 11.5263257073
2450, 20.7868951818, 50926.0663697, 11.526339081
2500, 20.787130883, 51965.3738771, 11.526356427
2550, 20.7874262639, 53004.6813937, 11.5263786685
2600, 20.7877926075, 54043.9889214, 11.5264068816
2650, 20.7882425442, 55083.2964624, 11.526442308
2700, 20.7887900904, 56122.6040194, 11.5264863693
2750, 20.7894506749, 57161.9115954, 11.5265406786
2800, 20.7902411505, 58201.2191936, 11.5266070527
2850, 20.7911797925, 59240.5268177, 11.5266875228
2900, 20.792286283, 60279.8344719, 11.5267843442
2950, 20.7935816816, 61319.1421607, 11.5269000048
3000, 20.7950883831, 62358.449889, 11.5270372324
3050, 20.7968300626, 63397.7576622, 11.5271990001
3100, 20.798831609, 64437.0654861, 11.5273885311
3150, 20.8011190484, 65476.3733669, 11.5276093013
3200, 20.8037194575, 66515.6813113, 11.5278650405
3250, 20.8066608691, 67554.9893265, 11.5281597326
3300, 20.8099721702, 68594.29742, 11.5284976133
3350, 20.8136829949, 69633.6055997, 11.5288831677
3400, 20.8178236118, 70672.9138741, 11.5293211254
3450, 20.8224248089, 71712.2222519, 11.5298164545
3500, 20.8275177757, 72751.5307424, 11.5303743547
3550, 20.8331339843, 73790.839355, 11.5310002492
3600, 20.839305071, 74830.1480996, 11.5316997749
3650, 20.8460627179, 75869.4569865, 11.5324787725
3700, 20.8534385366, 76908.7660262, 11.5333432748
3750, 20.8614639554, 77948.0752294, 11.534299495
3800, 20.8701701082, 78987.3846073, 11.5353538138
3850, 20.8795877285, 80026.694171, 11.5365127663
3900, 20.8897470475, 81066.003932, 11.537783028
3950, 20.9006776969, 82105.3139021, 11.5391714006
4000, 20.9124086175, 83144.6240931, 11.5406847977
4050, 20.9249679726, 84183.9345168, 11.5423302301
4100, 20.938383068, 85223.2451852, 11.5441147909
4150, 20.9526802774, 86262.5561106, 11.5460456406
4200, 20.9678849736, 87301.867305, 11.5481299924
4250, 20.9840214667, 88341.1787805, 11.5503750976
4300, 21.0011129475, 89380.4905493, 11.5527882307
4350, 21.0191814369, 90419.8026235, 11.5553766755
4400, 21.0382477419, 91459.1150152, 11.5581477108
4450, 21.0583314165, 92498.4277362, 11.5611085966
4500, 21.079450729, 93537.7407984, 11.5642665611
4550, 21.1016226339, 94577.0542135, 11.5676287873
4600, 21.1248627498, 95616.367993, 11.571202401
4650, 21.1491853414, 96655.6821484, 11.5749944581
4700, 21.1746033076, 97694.9966908, 11.5790119337
4750, 21.2011281726, 98734.3116311, 11.5832617106
4800, 21.2287700822, 99773.6269801, 11.5877505687
4850, 21.2575378041, 100812.942748, 11.5924851753
4900, 21.2874387317, 101852.258946, 11.5974720755
4950, 21.3184788913, 102891.575583, 11.602717683
5000, 21.3506629532, 103930.892669, 11.608228272
5050, 21.3839942452, 104970.210213, 11.614009969
5100, 21.4184747691, 106009.528225, 11.6200687459
5150, 21.4541052203, 107048.846713, 11.6264104128
5200, 21.4908850086, 108088.165685, 11.633040612
5250, 21.5288122822, 109127.485149, 11.6399648121
5300, 21.5678839535, 110166.805114, 11.6471883027
5350, 21.6080957259, 111206.125587, 11.6547161897
5400, 21.6494421227, 112245.446574, 11.6625533911
5450, 21.6919165179, 113284.768082, 11.6707046332
5500, 21.7355111668, 114324.090117, 11.679174447
5550, 21.780217239, 115363.412686, 11.6879671655
5600, 21.8260248516, 116402.735793, 11.6970869213
5650, 21.8729231031, 117442.059444, 11.7065376442
5700, 21.9209001084, 118481.383643, 11.71632306
5750, 21.969943034, 119520.708395, 11.7264466886
5800, 22.0200381333, 120560.033704, 11.7369118436
5850, 22.0711707828, 121599.359573, 11.7477216315
5900, 22.1233255179, 122638.686006, 11.7588789512
5950, 22.1764860692, 123678.013006, 11.7703864945
6000, 22.2306353985, 124717.340574, 11.7822467462
6050, 22.2857557349, 125756.668713, 11.7944619847
6100, 22.3418286107, 126795.997425, 11.807034283
6150, 22.398834897, 127835.326711, 11.8199655099
6200, 22.4567548392, 128874.656571, 11.8332573314
6250, 22.5155680919, 129913.987008, 11.8469112122
6300, 22.575253754, 130953.318021, 11.8609284176
6350, 22.6357904022, 131992.649609, 11.8753100158
6400, 22.6971561256, 133031.981774, 11.8900568795
6450, 22.7593285587, 134071.314513, 11.9051696892
6500, 22.8222849137, 135110.647826, 11.9206489349
6550, 22.8860020134, 136149.981712, 11.9364949194
6600, 22.9504563224, 137189.316168, 11.9527077608
6650, 23.0156239781, 138228.651193, 11.9692873959
6700, 23.0814808213, 139267.986785, 11.9862335828
6750, 23.1480024256, 140307.322941, 12.0035459044
6800, 23.2151641264, 141346.659659, 12.0212237719
6850, 23.2829410497, 142385.996934, 12.0392664275
6900, 23.3513081393, 143425.334764, 12.0576729488
6950, 23.4202401842, 144464.673145, 12.0764422518
7000, 23.4897118443, 145504.012073, 12.0955730943
7050, 23.5596976768, 146543.351544, 12.1150640802
7100, 23.6301721602, 147582.691554, 12.1349136629
7150, 23.7011097191, 148622.032098, 12.1551201489
7200, 23.7724847471, 149661.37317, 12.1756817017
7250, 23.8442716302, 150700.714767, 12.196596346
7300, 23.916444768, 151740.056882, 12.2178619709
7350, 23.9889785957, 152779.39951, 12.2394763342
7400, 24.0618476044, 153818.742646, 12.2614370662
7450, 24.1350263609, 154858.086283, 12.2837416734
7500, 24.2084895272, 155897.430416, 12.3063875428
7550, 24.2822118787, 156936.775038, 12.3293719452
7600, 24.3561683223, 157976.120143, 12.3526920394
7650, 24.4303339132, 159015.465724, 12.3763448763
7700, 24.5046838719, 160054.811774, 12.4003274021
7750, 24.5791935995, 161094.158288, 12.4246364627
7800, 24.6538386933, 162133.505257, 12.4492688072
7850, 24.7285949609, 163172.852674, 12.4742210919
7900, 24.8034384343, 164212.200533, 12.4994898836
7950, 24.8783453834, 165251.548825, 12.5250716638
8000, 24.9532923281, 166290.897544, 12.5509628322
8050, 25.0282560509, 167330.246682, 12.5771597103
8100, 25.1032136077, 168369.596231, 12.6036585449
8150, 25.1781423394, 169408.946183, 12.6304555119
8200, 25.2530198815, 170448.296531, 12.6575467195
8250, 25.3278241741, 171487.647266, 12.684928212
8300, 25.4025334711, 172526.998381, 12.712595973
8350, 25.4771263488, 173566.349867, 12.7405459289
8400, 25.5515817137, 174605.701716, 12.7687739519
8450, 25.6258788103, 175645.05392, 12.7972758638
8500, 25.6999972282, 176684.406472, 12.8260474388
8550, 25.7739169084, 177723.759361, 12.8550844066
8600, 25.8476181494, 178763.112581, 12.884382456
8650, 25.921081613, 179802.466123, 12.9139372374
8700, 25.9942883291, 180841.819978, 12.9437443659
8750, 26.0672197005, 181881.174139, 12.9737994246
8800, 26.139857507, 182920.528596, 13.0040979671
8850, 26.2121839094, 183959.883341, 13.0346355205
8900, 26.2841814526, 184999.238366, 13.0654075878
8950, 26.3558330687, 186038.593662, 13.0964096512
9000, 26.4271220794, 187077.94922, 13.1276371741
9050, 26.4980321982, 188117.305033, 13.1590856044
9100, 26.5685475326, 189156.661092, 13.1907503762
9150, 26.6386525845, 190196.017389, 13.2226269128
9200, 26.7083322525, 191235.373914, 13.2547106289
9250, 26.7775718316, 192274.730661, 13.2869969331
9300, 26.8463570142, 193314.087619, 13.31948123
9350, 26.9146738899, 194353.444781, 13.3521589223
9400, 26.9825089454, 195392.802139, 13.3850254134
9450, 27.0498490638, 196432.159685, 13.4180761091
9500, 27.1166815239, 197471.517409, 13.4513064196
9550, 27.182993999, 198510.875305, 13.4847117618
9600, 27.2487745556, 199550.233363, 13.5182875612
9650, 27.3140116517, 200589.591576, 13.5520292533
9700, 27.3786941349, 201628.949935, 13.5859322859
9750, 27.4428112404, 202668.308434, 13.6199921207
9800, 27.5063525886, 203707.667062, 13.6542042348
9850, 27.5693081823, 204747.025814, 13.6885641227
9900, 27.6316684042, 205786.384681, 13.7230672976
9950, 27.693424014, 206825.743655, 13.757709293
10000, 27.7545661448, 207865.102728, 13.7924856642
10050, 27.8150863001, 208904.461893, 13.8273919896
10100, 27.8749763503, 209943.821143, 13.8624238724
10150, 27.9342285289, 210983.180469, 13.8975769415
10200, 27.9928354284, 212022.539865, 13.9328468531
10250, 28.0507899969, 213061.899322, 13.9682292915
10300, 28.1080855333, 214101.258835, 14.0037199709
10350, 28.1647156838, 215140.618395, 14.0393146359
10400, 28.2206744367, 216179.977996, 14.0750090629
10450, 28.2759561185, 217219.33763, 14.1107990612
10500, 28.3305553892, 218258.69729, 14.1466804735
10550, 28.3844672371, 219298.056971, 14.1826491776
10600, 28.437686975, 220337.416664, 14.2187010863
10650, 28.4902102341, 221376.776363, 14.2548321493
10700, 28.5420329601, 222416.136062, 14.2910383533
10750, 28.5931514076, 223455.495753, 14.3273157228
10800, 28.643562135, 224494.855432, 14.3636603211
10850, 28.6932619997, 225534.21509, 14.400068251
10900, 28.7422481526, 226573.574722, 14.436535655
10950, 28.7905180327, 227612.934323, 14.4730587163
11000, 28.8380693624, 228652.293884, 14.5096336593
11050, 28.8849001415, 229691.653402, 14.5462567501
11100, 28.9310086423, 230731.012869, 14.5829242968
11150, 28.9763934038, 231770.372281, 14.6196326502
11200, 29.0210532268, 232809.73163, 14.6563782042
11250, 29.0649871682, 233849.090913, 14.6931573961
11300, 29.1081945354, 234888.450122, 14.7299667067
11350, 29.1506748811, 235927.809253, 14.7668026614
11400, 29.1924279981, 236967.1683, 14.8036618295
11450, 29.2334539133, 238006.527259, 14.8405408253
11500, 29.2737528826, 239045.886123, 14.8774363078
11550, 29.3133253856, 240085.244888, 14.914344981
11600, 29.35217212, 241124.603549, 14.9512635944
11650, 29.3902939964, 242163.962101, 14.9881889428
11700, 29.4276921325, 243203.320539, 15.0251178664
11750, 29.4643678487, 244242.678859, 15.0620472511
11800, 29.5003226617, 245282.037056, 15.0989740286
11850, 29.53555828, 246321.395124, 15.1358951763
11900, 29.5700765985, 247360.753061, 15.1728077172
11950, 29.6038796932, 248400.110862, 15.2097087203
12000, 29.6369698161, 249439.468521, 15.2465953002
12050, 29.6693493902, 250478.826036, 15.2834646173
12100, 29.7010210042, 251518.183402, 15.3203138777
12150, 29.7319874078, 252557.540615, 15.3571403328
12200, 29.7622515065, 253596.897672, 15.3939412798
12250, 29.791816357, 254636.254568, 15.4307140611
12300, 29.8206851619, 255675.611299, 15.4674560644
12350, 29.8488612653, 256714.967863, 15.5041647223
12400, 29.8763481479, 257754.324255, 15.5408375125
12450, 29.9031494225, 258793.680473, 15.5774719575
12500, 29.9292688291, 259833.036512, 15.6140656239
12550, 29.9547102304, 260872.392369, 15.6506161232
12600, 29.9794776077, 261911.748042, 15.6871211105
12650, 30.003575056, 262951.103527, 15.723578285
12700, 30.0270067799, 263990.458821, 15.7599853895
12750, 30.0497770894, 265029.813922, 15.79634021
12800, 30.0718903953, 266069.168825, 15.8326405757
12850, 30.0933512055, 267108.523529, 15.8688843585
12900, 30.1141641206, 268147.87803, 15.9050694728
12950, 30.1343338302, 269187.232327, 15.9411938752
13000, 30.1538651085, 270226.586416, 15.9772555641
13050, 30.1727628111, 271265.940296, 16.0132525796
13100, 30.1910318704, 272305.293963, 16.0491830027
13150, 30.2086772925, 273344.647415, 16.0850449555
13200, 30.2257041536, 274384.00065, 16.1208366007
13250, 30.2421175957, 275423.353666, 16.1565561408
13300, 30.257922824, 276462.706461, 16.1922018184
13350, 30.2731251029, 277502.059032, 16.2277719154
13400, 30.2877297526, 278541.411378, 16.2632647528
13450, 30.3017421463, 279580.763497, 16.2986786904
13500, 30.3151677067, 280620.115387, 16.3340121259
13550, 30.3280119026, 281659.467046, 16.3692634953
13600, 30.3402802464, 282698.818472, 16.404431272
13650, 30.3519782906, 283738.169664, 16.4395139663
13700, 30.3631116252, 284777.520621, 16.4745101256
13750, 30.3736858747, 285816.87134, 16.5094183332
13800, 30.3837066955, 286856.22182, 16.5442372086
13850, 30.3931797729, 287895.57206, 16.5789654066
13900, 30.4021108188, 288934.922059, 16.6136016172
13950, 30.4105055688, 289974.271815, 16.648144565
14000, 30.4183697801, 291013.621327, 16.6825930089
14050, 30.4257092286, 292052.970594, 16.7169457416
14100, 30.4325297072, 293092.319615, 16.7512015892
14150, 30.4388370227, 294131.668388, 16.7853594108
14200, 30.4446369944, 295171.016914, 16.8194180981
14250, 30.4499354514, 296210.36519, 16.853376575
14300, 30.4547382306, 297249.713216, 16.887233797
14350, 30.4590511751, 298289.060991, 16.9209887511
14400, 30.4628801316, 299328.408515, 16.954640455
14450, 30.4662309492, 300367.755787, 16.9881879571
14500, 30.4691094768, 301407.102805, 17.0216303358
14550, 30.4715215623, 302446.44957, 17.054966699
14600, 30.4734730501, 303485.796081, 17.0881961841
14650, 30.4749697799, 304525.142337, 17.121317957
14700, 30.4760175849, 305564.488338, 17.1543312123
14750, 30.4766222906, 306603.834083, 17.1872351724
14800, 30.476789713, 307643.179572, 17.2200290875
14850, 30.4765256577, 308682.524805, 17.2527122347
14900, 30.475835918, 309721.869781, 17.2852839182
14950, 30.474726274, 310761.214501, 17.3177434684
15000, 30.4732024913, 311800.558963, 17.3500902416
15050, 30.4712703201, 312839.903168, 17.3823236199
15100, 30.4689354937, 313879.247116, 17.4144430104
15150, 30.4662037276, 314918.590807, 17.4464478452
15200, 30.4630807188, 315957.934239, 17.4783375806
15250, 30.4595721445, 316997.277415, 17.5101116971
15300, 30.4556836615, 318036.620332, 17.5417696988
15350, 30.4514209052, 319075.962993, 17.5733111131
15400, 30.446789489, 320115.305396, 17.6047354902
15450, 30.4417950036, 321154.647541, 17.6360424029
15500, 30.436443016, 322193.98943, 17.6672314463
15550, 30.4307390695, 323233.331062, 17.698302237
15600, 30.4246886826, 324272.672437, 17.7292544133
15650, 30.4182973486, 325312.013556, 17.7600876345
15700, 30.4115705356, 326351.354418, 17.7908015806
15750, 30.4045136854, 327390.695025, 17.8213959522
15800, 30.3971322136, 328430.035377, 17.8518704697
15850, 30.3894315091, 329469.375474, 17.8822248734
15900, 30.3814169342, 330508.715316, 17.9124589228
15950, 30.3730938236, 331548.054903, 17.9425723967
16000, 30.364467485, 332587.394238, 17.9725650924
16050, 30.3555431987, 333626.733319, 18.0024368257
16100, 30.3463262173, 334666.072147, 18.0321874306
16150, 30.336821766, 335705.410723, 18.0618167588
16200, 30.3270350423, 336744.749048, 18.0913246795
16250, 30.3169712163, 337784.087122, 18.120711079
16300, 30.3066354307, 338823.424945, 18.1499758606
16350, 30.2960328008, 339862.762519, 18.1791189442
16400, 30.2851684148, 340902.099844, 18.2081402659
16450, 30.274047334, 341941.43692, 18.2370397779
16500, 30.2626745929, 342980.773749, 18.2658174483
16550, 30.2510551997, 344020.110332, 18.2944732604
16600, 30.2391941367, 345059.446668, 18.3230072129
16650, 30.2270963602, 346098.782758, 18.3514193194
16700, 30.2147668013, 347138.118605, 18.3797096083
16750, 30.2022103663, 348177.454207, 18.4078781223
16800, 30.189431937, 349216.789567, 18.4359249184
16850, 30.1764363716, 350256.124685, 18.4638500675
16900, 30.1632285046, 351295.459562, 18.4916536543
16950, 30.149813148, 352334.794198, 18.519335777
17000, 30.1361950916, 353374.128596, 18.546896547
17050, 30.1223791038, 354413.462755, 18.5743360889
17100, 30.1083699322, 355452.796676, 18.6016545398
17150, 30.0941723042, 356492.130361, 18.6288520499
17200, 30.0797909282, 357531.463811, 18.6559287815
17250, 30.0652304938, 358570.797026, 18.6828849091
17300, 30.050495673, 359610.130007, 18.7097206195
17350, 30.0355911212, 360649.462757, 18.7364361112
17400, 30.0205214774, 361688.795275, 18.7630315942
17450, 30.005291366, 362728.127562, 18.7895072903
17500, 29.9899053971, 363767.45962, 18.8158634323
17550, 29.9743681677, 364806.79145, 18.8421002643
17600, 29.9586842628, 365846.123053, 18.8682180414
17650, 29.9428582563, 366885.45443, 18.8942170295
17700, 29.926894712, 367924.785583, 18.9200975051
17750, 29.910798185, 368964.116511, 18.9458597553
17800, 29.8945732226, 370003.447217, 18.9715040774
17850, 29.8782243653, 371042.777701, 18.9970307793
17900, 29.8617561485, 372082.107966, 19.0224401787
17950, 29.8451731031, 373121.438011, 19.0477326033
18000, 29.8284797571, 374160.767839, 19.0729083909
18050, 29.8116806369, 375200.097449, 19.0979678889
18100, 29.7947802684, 376239.426845, 19.1229114541
18150, 29.7777831784, 377278.756026, 19.1477394533
18200, 29.7606938959, 378318.084994, 19.1724522625
18250, 29.7435169536, 379357.413751, 19.1970502668
18300, 29.7262568891, 380396.742298, 19.221533861
18350, 29.7089182464, 381436.070635, 19.2459034488
18400, 29.6915055777, 382475.398764, 19.2701594429
18450, 29.674023444, 383514.726687, 19.2943022652
18500, 29.6564764175, 384554.054405, 19.3183323464
18550, 29.6388690826, 385593.381919, 19.3422501263
18600, 29.6212060376, 386632.70923, 19.3660560531
18650, 29.6034918962, 387672.03634, 19.3897505841
18700, 29.5857312893, 388711.36325, 19.4133341851
18750, 29.5679288661, 389750.689962, 19.4368073308
18800, 29.5500892962, 390790.016476, 19.4601705042
18850, 29.5322172712, 391829.342795, 19.4834241972
18900, 29.514317506, 392868.66892, 19.5065689099
18950, 29.496394741, 393907.994851, 19.5296051513
19000, 29.4784537434, 394947.320592, 19.5525334386
19050, 29.460499309, 395986.646141, 19.5753542977
19100, 29.4425362643, 397025.971503, 19.5980682628
19150, 29.4245694677, 398065.296677, 19.6206758767
19200, 29.4066038117, 399104.621665, 19.6431776906
19250, 29.3886442244, 400143.946469, 19.6655742642
19300, 29.3706956718, 401183.271091, 19.6878661657
19350, 29.3527631591, 402222.59553, 19.7100539717
19400, 29.3348517327, 403261.91979, 19.7321382674
19450, 29.3169664824, 404301.243872, 19.7541196464
19500, 29.2991125427, 405340.567777, 19.7759987111
19550, 29.2812950953, 406379.891507, 19.7977760722
19600, 29.2635193705, 407419.215063, 19.8194523492
19650, 29.2457906496, 408458.538447, 19.8410281701
19700, 29.2281142665, 409497.86166, 19.8625041718
19750, 29.2104956097, 410537.184704, 19.8838809998
19800, 29.1929401244, 411576.50758, 19.9051593084
19850, 29.1754533144, 412615.830291, 19.9263397608
19900, 29.1580407442, 413655.152838, 19.9474230292
19950, 29.1407080407, 414694.475222, 19.9684097946
20000, 29.1234608958, 415733.797444, 19.9893007472
20050, 29.1063050677, 416773.119508, 20.0100965862
20100, 29.0892463835, 417812.441414, 20.0307980202
20150, 29.072290741, 418851.763164, 20.0514057668
20200, 29.055444111, 419891.084759, 20.0719205531
20250, 29.0387125388, 420930.406202, 20.0923431159
20300, 29.0221021471, 421969.727494, 20.1126742012
20350, 29.0056191374, 423009.048637, 20.1329145648
20400, 28.9892697924, 424048.369632, 20.1530649722
20450, 28.9730604781, 425087.690481, 20.1731261989
20500, 28.9569976458, 426127.011187, 20.1930990302
20550, 28.9410878341, 427166.33175, 20.2129842615
20600, 28.9253376716, 428205.652173, 20.2327826986
20650, 28.9097538783, 429244.972458, 20.2524951575
20700, 28.894343268, 430284.292605, 20.2721224644
20750, 28.8791127507, 431323.612618, 20.2916654564
20800, 28.8640693344, 432362.932498, 20.3111249813
20850, 28.8492201272, 433402.252246, 20.3305018975
20900, 28.8345723397, 434441.571866, 20.3497970745
20950, 28.8201332872, 435480.891357, 20.3690113931
21000, 28.8059103913, 436520.210724, 20.388145745
21050, 28.7919111827, 437559.529967, 20.4072010337
21100, 28.7781433029, 438598.849088, 20.4261781739
21150, 28.7646145066, 439638.16809, 20.4450780924
21200, 28.7513326637, 440677.486974, 20.4639017276
21250, 28.7383057614, 441716.805742, 20.48265003
21300, 28.7255419066, 442756.124397, 20.5013239624
21350, 28.7130493276, 443795.44294, 20.5199244998
21400, 28.7008363767, 444834.761374, 20.5384526301
21450, 28.688911532, 445874.079701, 20.5569093536
21500, 28.6772833996, 446913.397922, 20.5752956835
21550, 28.6659607159, 447952.71604, 20.5936126463
21600, 28.6549523494, 448992.034058, 20.6118612815
21650, 28.6442673029, 450031.351976, 20.6300426424
21700, 28.6339147159, 451070.669798, 20.6481577955
21750, 28.6239038661, 452109.987525, 20.6662078215
21800, 28.6142441723, 453149.305161, 20.684193815
21850, 28.6049451954, 454188.622706, 20.7021168847
21900, 28.5960166416, 455227.940164, 20.7199781538
21950, 28.5874683635, 456267.257536, 20.7377787602
22000, 28.5793103627, 457306.574826, 20.7555198565
22050, 28.5715527916, 458345.892035, 20.7732026104
22100, 28.5642059555, 459385.209166, 20.7908282048
22150, 28.5572803146, 460424.526221, 20.8083978381
22200, 28.550786486, 461463.843202, 20.8259127242
22250, 28.5447352453, 462503.160113, 20.843374093
22300, 28.5391375293, 463542.476955, 20.8607831905
22350, 28.5340044372, 464581.793731, 20.8781412789
22400, 28.529347233, 465621.110444, 20.8954496371
22450, 28.5251773471, 466660.427096, 20.9127095606
22500, 28.5215063785, 467699.74369, 20.9299223619
22550, 28.5183460962, 468739.060228, 20.9470893706
22600, 28.5157084415, 469778.376714, 20.964211934
22650, 28.5136055297, 470817.693149, 20.9812914168
22700, 28.5120496517, 471857.009536, 20.9983292016
22750, 28.511053276, 472896.325879, 21.0153266892
22800, 28.5106290502, 473935.64218, 21.0322852987
22850, 28.5107898031, 474974.958441, 21.0492064678
22900, 28.5115485462, 476014.274666, 21.066091653
22950, 28.5129184752, 477053.590858, 21.0829423298
23000, 28.5149129721, 478092.907019, 21.0997599932
23050, 28.5175456063, 479132.223152, 21.1165461573
23100, 28.5208301366, 480171.539261, 21.1333023565
23150, 28.5247805126, 481210.855348, 21.1500301447
23200, 28.5294108763, 482250.171417, 21.1667310964
23250, 28.5347355635, 483289.48747, 21.1834068064
23300, 28.5407691053, 484328.80351, 21.2000588903
23350, 28.5475262298, 485368.119541, 21.2166889846
23400, 28.555021863, 486407.435566, 21.2332987472
23450, 28.5632711306, 487446.751588, 21.2498898572
23500, 28.5722893594, 488486.067611, 21.2664640156
23550, 28.582092078, 489525.383637, 21.2830229452
23600, 28.5926950187, 490564.69967, 21.2995683911
23650, 28.6041141187, 491604.015714, 21.3161021209
23700, 28.6163655206, 492643.331771, 21.3326259245
23750, 28.6294655744, 493682.647845, 21.3491416152
23800, 28.6434308381, 494721.963941, 21.3656510292
23850, 28.658278079, 495761.28006, 21.3821560262
23900, 28.6740242745, 496800.596207, 21.3986584894
23950, 28.6906866132, 497839.912386, 21.4151603261
24000, 28.7082824959, 498879.2286, 21.4316634675
24050, 28.7268295364, 499918.544853, 21.4481698695
24100, 28.7463455623, 500957.861148, 21.4646815124
24150, 28.7668486159, 501997.177489, 21.4812004013
24200, 28.7883569548, 503036.493881, 21.4977285665
24250, 28.8108890527, 504075.810327, 21.5142680637
24300, 28.8344636002, 505115.12683, 21.530820974
24350, 28.8590995049, 506154.443396, 21.5473894045
24400, 28.8848158924, 507193.760027, 21.5639754882
24450, 28.9116321066, 508233.076729, 21.5805813844
24500, 28.9395677101, 509272.393504, 21.5972092789
24550, 28.9686424846, 510311.710358, 21.6138613844
24600, 28.9988764311, 511351.027294, 21.6305399403
24650, 29.0302897705, 512390.344317, 21.6472472133
24700, 29.0629029434, 513429.661431, 21.6639854977
24750, 29.0967366102, 514468.97864, 21.6807571151
24800, 29.1318116517, 515508.295949, 21.6975644153
24850, 29.1681491684, 516547.613362, 21.7144097759
24900, 29.2057704808, 517586.930883, 21.731295603
24950, 29.2446971295, 518626.248518, 21.7482243311
25000, 29.2849508745, 519665.56627, 21.7651984234
25050, 29.3265536951, 520704.884144, 21.7822203722
25100, 29.3695277898, 521744.202146, 21.7992926987
25150, 29.4138955757, 522783.520279, 21.8164179536
25200, 29.4596796878, 523822.83855, 21.8335987171
25250, 29.5069029789, 524862.156961, 21.8508375991
25300, 29.5555885187, 525901.475519, 21.8681372396
25350, 29.6057595931, 526940.794228, 21.8855003084
25400, 29.6574397034, 527980.113093, 21.902929506
25450, 29.7106525655, 529019.432119, 21.9204275632
25500, 29.765422109, 530058.751312, 21.9379972414
25550, 29.8217724759, 531098.070677, 21.9556413329
25600, 29.87972802, 532137.390218, 21.9733626612
25650, 29.9393133051, 533176.709942, 21.9911640807
25700, 30.0005531041, 534216.029853, 22.0090484775
25750, 30.0634723976, 535255.349956, 22.027018769
25800, 30.1280963722, 536294.670258, 22.0450779043
25850, 30.1944504192, 537333.990764, 22.0632288644
25900, 30.262560133, 538373.311478, 22.0814746622
25950, 30.3324513091, 539412.632408, 22.0998183428
26000, 30.4041499425, 540451.953558, 22.1182629836
26050, 30.4776822254, 541491.274935, 22.1368116942
26100, 30.5530745459, 542530.596543, 22.1554676169
26150, 30.6303534852, 543569.91839, 22.1742339267
26200, 30.7095458154, 544609.24048, 22.1931138312
26250, 30.7906784978, 545648.56282, 22.2121105708
26300, 30.8737786798, 546687.885415, 22.2312274193
26350, 30.9588736926, 547727.208272, 22.250467683
26400, 31.0459910487, 548766.531398, 22.269834702
26450, 31.1351584389, 549805.854797, 22.2893318491
26500, 31.2264037296, 550845.178476, 22.3089625309
26550, 31.3197549598, 551884.502442, 22.3287301871
26600, 31.415240338, 552923.826701, 22.3486382911
26650, 31.512888239, 553963.15126, 22.3686903498
26700, 31.6127272007, 555002.476124, 22.3888899037
26750, 31.7147859204, 556041.801301, 22.4092405269
26800, 31.8190932515, 557081.126796, 22.4297458275
26850, 31.9256781997, 558120.452617, 22.450409447
26900, 32.0345699193, 559159.778771, 22.4712350609
26950, 32.1457977093, 560199.105264, 22.4922263783
27000, 32.2593910091, 561238.432102, 22.5133871424
27050, 32.3753793948, 562277.759293, 22.53472113
27100, 32.4937925744, 563317.086844, 22.5562321517
27150, 32.6146603838, 564356.414762, 22.5779240521
27200, 32.7380127819, 565395.743053, 22.5998007094
27250, 32.8638798463, 566435.071725, 22.6218660356
27300, 32.992291768, 567474.400786, 22.6441239764
27350, 33.123278847, 568513.730241, 22.6665785115
27400, 33.2568714867, 569553.0601, 22.6892336537
27450, 33.393100189, 570592.390368, 22.7120934498
27500, 33.5319955488, 571631.721053, 22.73516198
27550, 33.6735882485, 572671.052163, 22.7584433577
27600, 33.8179090524, 573710.383706, 22.7819417299
27650, 33.9649888008, 574749.715688, 22.8056612767
27700, 34.1148584043, 575789.048118, 22.8296062114
27750, 34.2675488376, 576828.381004, 22.8537807803
27800, 34.4230911329, 577867.714352, 22.8781892625
27850, 34.5815163742, 578907.048171, 22.9028359699
27900, 34.7428556902, 579946.382468, 22.9277252471
27950, 34.9071402481, 580985.717252, 22.9528614708
28000, 35.0744012462, 582025.052531, 22.9782490504
28050, 35.2446699076, 583064.388312, 23.0038924271
28100, 35.4179774723, 584103.724604, 23.0297960741
28150, 35.5943551908, 585143.061414, 23.0559644962
28200, 35.7738343157, 586182.398752, 23.0824022297
28250, 35.9564460948, 587221.736624, 23.1091138424
28300, 36.1422217631, 588261.07504, 23.1361039327
28350, 36.3311925349, 589300.414008, 23.16337713
28400, 36.5233895955, 590339.753536, 23.1909380943
28450, 36.7188440936, 591379.093632, 23.2187915157
28500, 36.917587132, 592418.434306, 23.2469421141
28550, 37.1196497597, 593457.775565, 23.2753946394
28600, 37.3250629631, 594497.117419, 23.3041538705
28650, 37.5338576569, 595536.459875, 23.3332246156
28700, 37.7460646751, 596575.802943, 23.3626117114
28750, 37.9617147619, 597615.146631, 23.3923200231
28800, 38.1808385623, 598654.490949, 23.4223544437
28850, 38.4034666124, 599693.835904, 23.4527198938
28900, 38.6296293301, 600733.181506, 23.4834213214
28950, 38.8593570046, 601772.527764, 23.5144637012
29000, 39.0926797871, 602811.874686, 23.5458520343
29050, 39.32962768, 603851.222282, 23.5775913477
29100, 39.5702305269, 604890.57056, 23.609686694
29150, 39.814518002, 605929.91953, 23.642143151
29200, 40.0625195991, 606969.269201, 23.6749658208
29250, 40.3142646214, 608008.619583, 23.7081598298
29300, 40.56978217, 609047.970683, 23.7417303281
29350, 40.8291011329, 610087.322511, 23.7756824886
29400, 41.0922501734, 611126.675078, 23.8100215071
29450, 41.3592577191, 612166.028391, 23.8447526011
29500, 41.63015195, 613205.382461, 23.8798810098
29550, 41.9049607865, 614244.737296, 23.9154119933
29600, 42.1837118777, 615284.092907, 23.9513508317
29650, 42.4664325893, 616323.449301, 23.9877028252
29700, 42.7531499912, 617362.80649, 24.0244732928
29750, 43.0438908451, 618402.164482, 24.061667572
29800, 43.3386815918, 619441.523287, 24.0992910181
29850, 43.6375483388, 620480.882915, 24.1373490035
29900, 43.9405168472, 621520.243375, 24.175846917
29950, 44.2476125186, 622559.604676, 24.2147901633
30000, 44.5588603823, 623598.966828, 24.2541841618
30050, 44.8742850815, 624638.329841, 24.2940343465
30100, 45.1939108603, 625677.693724, 24.3343461647
30150, 45.51776155, 626717.058488, 24.3751250768
30200, 45.8458605553, 627756.424141, 24.4163765547
30250, 46.1782308404, 628795.790693, 24.458106082
30300, 46.5148949154, 629835.158154, 24.5003191524
30350, 46.8558748218, 630874.526535, 24.5430212692
30400, 47.2011921185, 631913.895843, 24.5862179444
30450, 47.5508678676, 632953.26609, 24.6299146979
30500, 47.9049226196, 633992.637285, 24.6741170566
30550, 48.2633763993, 635032.009437, 24.7188305534
30600, 48.6262486908, 636071.382556, 24.7640607263
30650, 48.993558423, 637110.756653, 24.8098131177
30700, 49.3653239545, 638150.131736, 24.8560932732
30750, 49.7415630591, 639189.507815, 24.9029067408
30800, 50.1222929102, 640228.884901, 24.9502590697
30850, 50.5075300663, 641268.263002, 24.9981558095
30900, 50.8972904552, 642307.642129, 25.0466025093
30950, 51.2915893593, 643347.022291, 25.0956047163
31000, 51.6904414, 644386.403498, 25.1451679752
31050, 52.0938605225, 645425.785759, 25.1952978267
31100, 52.5018599801, 646465.169084, 25.2459998068
31150, 52.9144523189, 647504.553483, 25.2972794454
31200, 53.3316493624, 648543.938965, 25.3491422655
31250, 53.7534621958, 649583.32554, 25.4015937817
31300, 54.1799011502, 650622.713217, 25.4546394996
31350, 54.6109757874, 651662.102007, 25.5082849139
31400, 55.0466948843, 652701.491917, 25.562535508
31450, 55.4870664167, 653740.882958, 25.6173967523
31500, 55.9320975442, 654780.275139, 25.6728741031
31550, 56.3817945946, 655819.66847, 25.7289730015
31600, 56.8361630478, 656859.062959, 25.7856988722
31650, 57.2952075208, 657898.458617, 25.8430571221
31700, 57.7589317518, 658937.855452, 25.9010531389
31750, 58.2273385847, 659977.253473, 25.9596922903
31800, 58.7004299536, 661016.65269, 26.0189799222
31850, 59.1782068679, 662056.053111, 26.0789213577
31900, 59.660669396, 663095.454747, 26.1395218958
31950, 60.147816651, 664134.857605, 26.2007868098
32000, 60.6396467749, 665174.261694, 26.2627213463
32050, 61.1361569237, 666213.667024, 26.3253307234
32100, 61.6373432523, 667253.073603, 26.3886201298
32150, 62.1432008999, 668292.48144, 26.4525947231
32200, 62.6537239749, 669331.890544, 26.5172596286
32250, 63.1689055405, 670371.300923, 26.5826199377
32300, 63.6887376, 671410.712585, 26.6486807066
32350, 64.2132110828, 672450.125539, 26.7154469548
32400, 64.74231583, 673489.539794, 26.7829236638
32450, 65.2760405802, 674528.955357, 26.8511157754
32500, 65.8143729563, 675568.372237, 26.9200281905
32550, 66.3572994513, 676607.790442, 26.9896657675
32600, 66.9048054151, 677647.20998, 27.0600333207
32650, 67.4568750412, 678686.630858, 27.1311356191
32700, 68.0134913542, 679726.053085, 27.2029773845
32750, 68.5746361965, 680765.476668, 27.2755632905
32800, 69.140290216, 681804.901614, 27.3488979605
32850, 69.7104328541, 682844.327932, 27.4229859665
32900, 70.2850423335, 683883.755628, 27.4978318272
32950, 70.8640956469, 684923.18471, 27.5734400071
33000, 71.4475685452, 685962.615185, 27.6498149143
33050, 72.0354355269, 687002.04706, 27.7269608992
33100, 72.6276698271, 688041.480342, 27.8048822531
33150, 73.2242434073, 689080.915037, 27.8835832064
33200, 73.8251269451, 690120.351152, 27.9630679272
33250, 74.4302898251, 691159.788694, 28.0433405198
33300, 75.0397001289, 692199.22767, 28.1244050228
33350, 75.6533246268, 693238.668084, 28.2062654078
33400, 76.2711287688, 694278.109944, 28.2889255779
33450, 76.893076677, 695317.553256, 28.372389366
33500, 77.5191311372, 696356.998024, 28.456660533
33550, 78.1492535924, 697396.444256, 28.5417427668
33600, 78.7834041357, 698435.891956, 28.6276396802
33650, 79.4215415036, 699475.34113, 28.7143548096
33700, 80.0636230707, 700514.791782, 28.8018916133
33750, 80.7096048438, 701554.243919, 28.8902534701
33800, 81.3594414575, 702593.697545, 28.9794436776
33850, 82.0130861692, 703633.152664, 29.0694654508
33900, 82.6704908556, 704672.609281, 29.1603219202
33950, 83.3316060091, 705712.067401, 29.2520161308
34000, 83.9963807354, 706751.527028, 29.3445510401
34050, 84.6647627506, 707790.988166, 29.4379295169
34100, 85.3366983799, 708830.450818, 29.5321543394
34150, 86.0121325563, 709869.914988, 29.6272281942
34200, 86.6910088201, 710909.380681, 29.7231536743
34250, 87.3732693188, 711948.847898, 29.819933278
34300, 88.0588548077, 712988.316644, 29.9175694071
34350, 88.7477046514, 714027.786921, 30.0160643658
34400, 89.4397568254, 715067.258732, 30.1154203587
34450, 90.1349479186, 716106.732079, 30.2156394901
34500, 90.8332131363, 717146.206965, 30.3167237619
34550, 91.5344863044, 718185.683392, 30.4186750726
34600, 92.2386998734, 719225.161361, 30.5214952157
34650, 92.9457849234, 720264.640875, 30.6251858783
34700, 93.6556711704, 721304.121935, 30.7297486402
34750, 94.3682869722, 722343.604543, 30.8351849718
34800, 95.0835593358, 723383.088698, 30.9414962333
34850, 95.8014139249, 724422.574403, 31.0486836734
34900, 96.521775069, 725462.061658, 31.1567484277
34950, 97.2445657718, 726501.550463, 31.2656915178
35000, 97.9697077219, 727541.040818, 31.3755138499
35050, 98.6971213029, 728580.532723, 31.4862162135
35100, 99.4267256051, 729620.026179, 31.5977992804
35150, 100.158438437, 730659.521184, 31.7102636032
35200, 100.892176339, 731699.017738, 31.8236096148
35250, 101.627854597, 732738.515841, 31.9378376266
35300, 102.365387254, 733778.015489, 32.0529478279
35350, 103.104687129, 734817.516683, 32.1689402845
35400, 103.845665831, 735857.019421, 32.2858149379
35450, 104.588233774, 736896.5237, 32.4035716042
35500, 105.332300198, 737936.029519, 32.5222099735
35550, 106.077773181, 738975.536875, 32.6417296081
35600, 106.824559665, 740015.045765, 32.7621299426
35650, 107.572565468, 741054.556187, 32.8834102824
35700, 108.321695312, 742094.068137, 33.0055698031
35750, 109.071852835, 743133.581612, 33.1286075495
35800, 109.82294062, 744173.096609, 33.2525224353
35850, 110.574860214, 745212.613122, 33.3773132417
35900, 111.327512152, 746252.13115, 33.5029786173
35950, 112.08079598, 747291.650685, 33.6295170772
36000, 112.834610278, 748331.171726, 33.7569270023
36050, 113.588852689, 749370.694265, 33.8852066389
36100, 114.343419943, 750410.218298, 34.0143540982
36150, 115.098207882, 751449.74382, 34.1443673554
36200, 115.853111489, 752489.270825, 34.2752442497
36250, 116.608024916, 753528.799307, 34.4069824839
36300, 117.36284151, 754568.329259, 34.5395796235
36350, 118.117453847, 755607.860676, 34.6730330969
36400, 118.871753757, 756647.39355, 34.807340195
36450, 119.625632357, 757686.927875, 34.9424980707
36500, 120.378980082, 758726.463643, 35.078503739
36550, 121.131686714, 759766.000846, 35.2153540766
36600, 121.88364142, 760805.539478, 35.3530458222
36650, 122.634732779, 761845.079529, 35.4915755758
36700, 123.384848818, 762884.620992, 35.6309397992
36750, 124.133877045, 763924.163858, 35.7711348158
36800, 124.881704487, 764963.708118, 35.9121568108
36850, 125.62821772, 766003.253763, 36.0540018311
36900, 126.373302906, 767042.800784, 36.1966657857
36950, 127.116845832, 768082.349171, 36.3401444457
37000, 127.858731942, 769121.898914, 36.4844334449
37050, 128.598846378, 770161.450003, 36.6295282796
37100, 129.337074013, 771201.002428, 36.7754243095
37150, 130.073299493, 772240.556178, 36.9221167577
37200, 130.807407273, 773280.111243, 37.0696007112
37250, 131.539281654, 774319.66761, 37.2178711216
37300, 132.268806826, 775359.225269, 37.3669228057
37350, 132.995866903, 776398.784209, 37.5167504456
37400, 133.720345964, 777438.344416, 37.6673485899
37450, 134.442128092, 778477.90588, 37.8187116541
37500, 135.161097417, 779517.468587, 37.9708339216
37550, 135.877138153, 780557.032526, 38.123709544
37600, 136.590134638, 781596.597683, 38.2773325425
37650, 137.299971376, 782636.164045, 38.4316968084
37700, 138.00653308, 783675.731598, 38.5867961043
37750, 138.709704708, 784715.30033, 38.7426240649
37800, 139.409371507, 785754.870227, 38.8991741979
37850, 140.105419055, 786794.441274, 39.0564398857
37900, 140.797733299, 787834.013457, 39.2144143857
37950, 141.486200598, 788873.586762, 39.373090832
38000, 142.170707764, 789913.161174, 39.5324622366
38050, 142.851142105, 790952.736678, 39.6925214904
38100, 143.527391461, 791992.313259, 39.8532613647
38150, 144.19934425, 793031.890901, 40.0146745125
38200, 144.866889508, 794071.46959, 40.1767534701
38250, 145.529916927, 795111.049309, 40.3394906581
38300, 146.188316899, 796150.630042, 40.5028783834
38350, 146.841980554, 797190.211773, 40.6669088403
38400, 147.490799802, 798229.794487, 40.8315741123
38450, 148.134667372, 799269.378165, 40.9968661739
38500, 148.773476852, 800308.962791, 41.1627768916
38550, 149.40712273, 801348.54835, 41.3292980265
38600, 150.035500428, 802388.134822, 41.4964212353
38650, 150.658506348, 803427.722192, 41.6641380725
38700, 151.276037906, 804467.310441, 41.8324399919
38750, 151.887993572, 805506.899552, 42.0013183488
38800, 152.494272903, 806546.489507, 42.1707644017
38850, 153.094776588, 807586.080288, 42.340769314
38900, 153.68940648, 808625.671877, 42.5113241566
38950, 154.27806563, 809665.264255, 42.6824199093
39000, 154.86065833, 810704.857405, 42.8540474629
39050, 155.437090141, 811744.451307, 43.0261976216
39100, 156.00726793, 812784.045943, 43.1988611049
39150, 156.571099906, 813823.641294, 43.3720285495
39200, 157.128495653, 814863.23734, 43.5456905119
39250, 157.67936616, 815902.834063, 43.7198374702
39300, 158.223623856, 816942.431443, 43.8944598267
39350, 158.761182639, 817982.029462, 44.0695479095
39400, 159.29195791, 819021.628098, 44.2450919755
39450, 159.815866601, 820061.227334, 44.4210822121
39500, 160.332827205, 821100.827148, 44.5975087401
39550, 160.842759802, 822140.427521, 44.7743616153
39600, 161.345586093, 823180.028434, 44.9516308314
39650, 161.841229421, 824219.629865, 45.1293063224
39700, 162.329614798, 825259.231795, 45.3073779644
39750, 162.810668936, 826298.834205, 45.4858355787
39800, 163.284320263, 827338.437072, 45.6646689339
39850, 163.750498953, 828378.040377, 45.8438677483
39900, 164.209136949, 829417.6441, 46.0234216924
39950, 164.660167979, 830457.24822, 46.2033203916
40000, 165.103527584, 831496.852716, 46.3835534282
40050, 165.539153134, 832536.457568, 46.5641103444
40100, 165.96698385, 833576.062755, 46.7449806443
40150, 166.386960818, 834615.668257, 46.9261537968
40200, 166.799027011, 835655.274051, 47.1076192381
40250, 167.203127304, 836694.880119, 47.2893663738
40300, 167.599208489, 837734.486439, 47.471384582
40350, 167.987219289, 838774.092989, 47.6536632153
40400, 168.367110371, 839813.69975, 47.8361916036
40450, 168.738834363, 840853.306699, 48.0189590568
40500, 169.102345861, 841892.913817, 48.2019548669
40550, 169.457601439, 842932.521083, 48.3851683107
40600, 169.804559664, 843972.128474, 48.5685886525
40650, 170.1431811, 845011.735972, 48.7522051464
40700, 170.473428316, 846051.343553, 48.9360070389
40750, 170.795265895, 847090.951199, 49.1199835714
40800, 171.108660438, 848130.558887, 49.3041239827
40850, 171.41358057, 849170.166597, 49.4884175114
40900, 171.70999694, 850209.774308, 49.6728533984
40950, 171.997882231, 851249.382, 49.8574208896
41000, 172.277211152, 852288.98965, 50.0421092381
41050, 172.547960449, 853328.59724, 50.2269077067
41100, 172.810108896, 854368.204748, 50.4118055703
41150, 173.0636373, 855407.812153, 50.5967921183
41200, 173.308528495, 856447.419435, 50.7818566571
41250, 173.544767342, 857487.026574, 50.9669885126
41300, 173.772340721, 858526.633548, 51.1521770322
41350, 173.991237531, 859566.240338, 51.3374115871
41400, 174.201448681, 860605.846924, 51.5226815753
41450, 174.402967081, 861645.453284, 51.7079764231
41500, 174.59578764, 862685.059399, 51.8932855878
41550, 174.779907253, 863724.665249, 52.0785985597
41600, 174.955324793, 864764.270814, 52.2639048648
41650, 175.122041099, 865803.876074, 52.4491940664
41700, 175.28005897, 866843.48101, 52.6344557676
41750, 175.429383144, 867883.0856, 52.8196796135
41800, 175.570020294, 868922.689827, 53.004855293
41850, 175.701979008, 869962.293671, 53.1899725414
41900, 175.825269778, 871001.897111, 53.3750211418
41950, 175.939904983, 872041.50013, 53.5599909279
42000, 176.045898874, 873081.102708, 53.7448717852
42050, 176.143267556, 874120.704826, 53.9296536537
42100, 176.23202897, 875160.306465, 54.1143265292
42150, 176.312202878, 876199.907606, 54.2988804657
42200, 176.383810839, 877239.508232, 54.483305577
42250, 176.446876193, 878279.108323, 54.6675920386
42300, 176.501424041, 879318.707861, 54.8517300896
42350, 176.547481219, 880358.306828, 55.0357100341
42400, 176.585076284, 881397.905207, 55.2195222437
42450, 176.614239484, 882437.502979, 55.4031571581
42500, 176.635002742, 883477.100126, 55.5866052878
42550, 176.647399627, 884516.696632, 55.7698572151
42600, 176.651465333, 885556.292478, 55.9529035959
42650, 176.647236656, 886595.887649, 56.1357351612
42700, 176.634751964, 887635.482125, 56.3183427186
42750, 176.614051177, 888675.075892, 56.5007171538
42800, 176.585175739, 889714.668932, 56.6828494319
42850, 176.548168588, 890754.261228, 56.8647305992
42900, 176.503074137, 891793.852765, 57.046351784
42950, 176.44993824, 892833.443527, 57.2277041982
43000, 176.388808166, 893873.033496, 57.4087791387
43050, 176.319732575, 894912.622658, 57.5895679884
43100, 176.242761484, 895952.210997, 57.7700622174
43150, 176.157946242, 896991.798498, 57.9502533843
43200, 176.065339501, 898031.385145, 58.1301331373
43250, 175.964995186, 899070.970924, 58.3096932152
43300, 175.856968464, 900110.555819, 58.4889254484
43350, 175.741315718, 901150.139816, 58.6678217601
43400, 175.618094515, 902189.722901, 58.8463741669
43450, 175.487363577, 903229.305059, 59.02457478
43500, 175.349182749, 904268.886277, 59.2024158062
43550, 175.20361297, 905308.46654, 59.3798895482
43600, 175.050716243, 906348.045836, 59.5569884061
43650, 174.890555603, 907387.62415, 59.7337048775
43700, 174.723195088, 908427.20147, 59.9100315586
43750, 174.548699706, 909466.777782, 60.0859611448
43800, 174.367135409, 910506.353073, 60.2614864313
43850, 174.178569054, 911545.927332, 60.4366003138
43900, 173.98306838, 912585.500546, 60.6112957889
43950, 173.780701974, 913625.072703, 60.7855659547
44000, 173.571539239, 914664.64379, 60.9594040113
44050, 173.355650367, 915704.213797, 61.1328032614
44100, 173.133106304, 916743.782711, 61.3057571104
44150, 172.903978721, 917783.350521, 61.4782590668
44200, 172.668339985, 918822.917217, 61.650302743
44250, 172.426263126, 919862.482787, 61.8218818549
44300, 172.17782181, 920902.04722, 61.9929902227
44350, 171.923090304, 921941.610508, 62.1636217711
44400, 171.662143451, 922981.172638, 62.333770529
44450, 171.395056637, 924020.733601, 62.5034306303
44500, 171.121905763, 925060.293388, 62.6725963136
44550, 170.842767214, 926099.851988, 62.8412619225
44600, 170.557717832, 927139.409393, 63.0094219054
44650, 170.266834883, 928178.965593, 63.1770708158
44700, 169.970196033, 929218.520579, 63.3442033123
44750, 169.667879317, 930258.074344, 63.5108141583
44800, 169.359963109, 931297.626877, 63.6768982222
44850, 169.046526099, 932337.178171, 63.8424504769
44900, 168.72764726, 933376.728218, 64.0074660004
44950, 168.403405823, 934416.27701, 64.1719399747
45000, 168.07388125, 935455.824539, 64.3358676865
45050, 167.739153208, 936495.370799, 64.4992445261
45100, 167.399301539, 937534.91578, 64.6620659881
45150, 167.054406237, 938574.459478, 64.8243276703
45200, 166.704547424, 939614.001884, 64.9860252739
45250, 166.349805317, 940653.542993, 65.1471546028
45300, 165.990260213, 941693.082797, 65.3077115636
45350, 165.625992456, 942732.621291, 65.4676921651
45400, 165.257082416, 943772.158469, 65.6270925176
45450, 164.883610466, 944811.694325, 65.7859088331
45500, 164.505656956, 945851.228853, 65.944137424
45550, 164.123302192, 946890.762047, 66.1017747034
45600, 163.736626411, 947930.293904, 66.2588171842
45650, 163.345709761, 948969.824417, 66.4152614786
45700, 162.950632278, 950009.353583, 66.5711042977
45750, 162.551473862, 951048.881395, 66.7263424506
45800, 162.14831426, 952088.407851, 66.8809728443
45850, 161.741233043, 953127.932946, 67.0349924828
45900, 161.330309586, 954167.456675, 67.1883984664
45950, 160.915623047, 955206.979036, 67.3411879913
46000, 160.497252349, 956246.500023, 67.4933583487
46050, 160.075276162, 957286.019635, 67.6449069243
46100, 159.649772881, 958325.537867, 67.7958311976
46150, 159.22082061, 959365.054717, 67.9461287409
46200, 158.788497144, 960404.570181, 68.0957972191
46250, 158.352879953, 961444.084258, 68.2448343884
46300, 157.914046161, 962483.596944, 68.3932380959
46350, 157.472072534, 963523.108237, 68.5410062787
46400, 157.027035462, 964562.618134, 68.6881369631
46450, 156.579010944, 965602.126635, 68.834628264
46500, 156.128074571, 966641.633737, 68.9804783837
46550, 155.674301514, 967681.139438, 69.1256856115
46600, 155.217766509, 968720.643737, 69.2702483225
46650, 154.75854384, 969760.146633, 69.4141649772
46700, 154.29670733, 970799.648124, 69.55743412
46750, 153.832330326, 971839.148209, 69.7000543791
46800, 153.365485686, 972878.646888, 69.842024465
46850, 152.896245768, 973918.14416, 69.9833431699
46900, 152.424682416, 974957.640024, 70.1240093669
46950, 151.950866952, 975997.13448, 70.2640220088
47000, 151.474870163, 977036.627527, 70.4033801274
47050, 150.996762288, 978076.119167, 70.5420828328
47100, 150.516613015, 979115.609398, 70.6801293119
47150, 150.034491464, 980155.098221, 70.8175188281
47200, 149.55046618, 981194.585636, 70.95425072
47250, 149.064605128, 982234.071644, 71.0903244004
47300, 148.576975677, 983273.556246, 71.2257393559
47350, 148.087644598, 984313.039442, 71.3604951452
47400, 147.596678055, 985352.521233, 71.4945913989
47450, 147.104141596, 986392.00162, 71.6280278179
47500, 146.610100145, 987431.480605, 71.760804173
47550, 146.114618, 988470.958189, 71.8929203034
47600, 145.617758821, 989510.434373, 72.0243761164
47650, 145.119585629, 990549.909158, 72.1551715858
47700, 144.620160798, 991589.382548, 72.2853067515
47750, 144.119546047, 992628.854542, 72.414781718
47800, 143.617802442, 993668.325144, 72.5435966539
47850, 143.114990386, 994707.794355, 72.6717517908
47900, 142.611169615, 995747.262178, 72.7992474222
47950, 142.106399198, 996786.728615, 72.9260839026
48000, 141.600737527, 997826.193668, 73.0522616469
48050, 141.094242322, 998865.65734, 73.1777811287
48100, 140.586970619, 999905.119633, 73.3026428803
48150, 140.078978774, 1000944.58055, 73.4268474908
48200, 139.57032246, 1001984.0401, 73.5503956059
48250, 139.06105666, 1003023.49827, 73.6732879264
48300, 138.55123567, 1004062.95508, 73.7955252079
48350, 138.040913097, 1005102.41052, 73.917108259
48400, 137.530141855, 1006141.8646, 74.0380379413
48450, 137.018974167, 1007181.31733, 74.1583151677
48500, 136.507461563, 1008220.7687, 74.2779409018
48550, 135.995654878, 1009260.21872, 74.3969161571
48600, 135.483604254, 1010299.6674, 74.5152419959
48650, 134.971359142, 1011339.11473, 74.6329195284
48700, 134.458968296, 1012378.56072, 74.7499499118
48750, 133.946479778, 1013418.00538, 74.8663343494
48800, 133.43394096, 1014457.44871, 74.9820740898
48850, 132.92139852, 1015496.89071, 75.0971704259
48900, 132.408898447, 1016536.33138, 75.2116246939
48950, 131.896486041, 1017575.77074, 75.3254382728
49000, 131.384205917, 1018615.20878, 75.438612583
49050, 130.872102002, 1019654.64551, 75.5511490858
49100, 130.360217539, 1020694.08094, 75.6630492826
49150, 129.848595094, 1021733.51506, 75.7743147137
49200, 129.337276549, 1022772.94789, 75.8849469577
49250, 128.826303113, 1023812.37942, 75.9949476306
49300, 128.315715319, 1024851.80967, 76.1043183849
49350, 127.805553032, 1025891.23863, 76.2130609088
49400, 127.295855446, 1026930.66632, 76.3211769255
49450, 126.786661092, 1027970.09273, 76.4286681923
49500, 126.278007839, 1029009.51788, 76.5355364997
49550, 125.769932898, 1030048.94176, 76.6417836707
49600, 125.262472825, 1031088.36438, 76.7474115599
49650, 124.755663527, 1032127.78575, 76.8524220529
49700, 124.249540263, 1033167.20587, 76.9568170655
49750, 123.744137649, 1034206.62475, 77.0605985426
49800, 123.239489662, 1035246.04239, 77.163768458
49850, 122.735629645, 1036285.45879, 77.2663288131
49900, 122.232590311, 1037324.87397, 77.3682816364
49950, 121.730403746, 1038364.28793, 77.4696289829
