T, Cp, H, S
300, 21.9007612183, 6239.37849929, 17.6325996047
350, 21.6574114884, 7278.46288746, 17.7850768069
400, 21.4826094024, 8317.55134853, 17.8893873601
450, 21.3540274802, 9356.65509917, 17.9636231297
500, 21.2572157726, 10395.7772471, 18.0182131712
550, 21.1827552098, 11434.9176355, 18.0594694089
600, 21.1243861578, 12474.0748732, 18.0913768826
650, 21.0778539495, 13513.2472, 18.1165449837
700, 21.0402010519, 14552.4328498, 18.1367370761
750, 21.0093275695, 15591.6301942, 18.1531779308
800, 20.9837130935, 16630.8377879, 18.166738896
850, 20.9622369321, 17670.0543718, 18.1780531288
900, 20.9440594734, 18709.2788584, 18.1875894133
950, 20.9285423164, 19748.5103121, 18.1957006859
1000, 20.9151934937, 20787.7479283, 18.2026566804
1050, 20.9036292568, 21826.991014, 18.2086663526
1100, 20.8935470057, 22866.2389714, 18.2138935773
1150, 20.8847058528, 23905.4912831, 18.2184683277
1200, 20.8769125036, 24944.7474998, 18.2224947653
1250, 20.8700108991, 25984.0072303, 18.2260571798
1300, 20.8638745543, 27023.2701327, 18.2292244136
1350, 20.8584008461, 28062.5359073, 18.2320531993
1400, 20.8535067241, 29101.8042907, 18.234590709
1450, 20.8491254599, 30141.0750506, 18.2368765247
1500, 20.8452041543, 31180.3479817, 18.238944178
1550, 20.8417017944, 32219.6229021, 18.2408223646
1600, 20.8385877056, 33258.8996506, 18.2425359105
1650, 20.8358402843, 34298.1780837, 18.2441065473
1700, 20.833445925, 35337.458074, 18.2455535357
1750, 20.8313980833, 36376.739508, 18.246894171
1800, 20.8296964299, 37416.0222845, 18.2481441908
1850, 20.8283460668, 38455.3063136, 18.2493181057
1900, 20.8273567884, 39494.591515, 18.2504294654
1950, 20.8267423759, 40533.8778175, 18.2514910708
2000, 20.8265199201, 41573.1651576, 18.2525151424
2050, 20.8267091725, 42612.4534789, 18.2535134516
2100, 20.827331925, 43651.7427317, 18.2544974203
2150, 20.8284114217, 44691.0328714, 18.2554781949
2200, 20.8299718062, 45730.323859, 18.256466699
2250, 20.8320376076, 46769.6156599, 18.2574736671
2300, 20.8346332683, 47808.9082436, 18.2585096654
2350, 20.837782716, 48848.201583, 18.2595850988
2400, 20.8415089817, 49887.4956546, 18.2607102101
2450, 20.8458338636, 50926.7904375, 18.2618950714
2500, 20.8507776381, 51966.0859134, 18.2631495697
2550, 20.8563588158, 53005.3820662, 18.2644833892
2600, 20.8625939419, 54044.6788816, 18.2659059904
2650, 20.8694974388, 55083.9763472, 18.2674265886
2700, 20.877081488, 56123.2744517, 18.2690541312
2750, 20.8853559489, 57162.5731852, 18.2707972752
2800, 20.8943283112, 58201.8725389, 18.2726643663
2850, 20.9040036783, 59241.1725048, 18.2746634183
2900, 20.9143847776, 60280.4730753, 18.2768020952
2950, 20.925471995, 61319.7742438, 18.2790876943
3000, 20.9372634307, 62359.0760038, 18.2815271324
3050, 20.9497549725, 63398.3783493, 18.2841269335
3100, 20.9629403842, 64437.6812744, 18.2868932189
3150, 20.976811407, 65476.9847734, 18.2898317002
3200, 20.9913578699, 66516.2888408, 18.2929476737
3250, 21.0065678084, 67555.5934708, 18.296246018
3300, 21.0224275882, 68594.8986578, 18.2997311922
3350, 21.0389220332, 69634.2043961, 18.3034072377
3400, 21.0560345544, 70673.5106797, 18.3072777809
3450, 21.0737472805, 71712.8175026, 18.3113460375
3500, 21.0920411868, 72752.1248585, 18.3156148189
3550, 21.1108962229, 73791.4327411, 18.3200865395
3600, 21.1302914372, 74830.7411437, 18.3247632256
3650, 21.1502050982, 75870.0500594, 18.329646525
3700, 21.1706148111, 76909.3594811, 18.3347377182
3750, 21.1914976299, 77948.6694015, 18.3400377294
3800, 21.2128301647, 78987.979813, 18.3455471392
3850, 21.2345886833, 80027.290708, 18.3512661973
3900, 21.2567492071, 81066.6020784, 18.357194836
3950, 21.2792876012, 82105.913916, 18.3633326833
4000, 21.3021796594, 83145.2262125, 18.3696790773
4050, 21.3254011821, 84184.5389593, 18.37623308
4100, 21.3489280501, 85223.8521477, 18.3829934914
4150, 21.3727362911, 86263.1657688, 18.3899588635
4200, 21.3968021418, 87302.4798135, 18.3971275146
4250, 21.4211021041, 88341.7942727, 18.4044975429
4300, 21.4456129966, 89381.109137, 18.4120668402
4350, 21.4703120003, 90420.4243972, 18.4198331055
4400, 21.4951767005, 91459.7400437, 18.4277938582
4450, 21.5201851232, 92499.056067, 18.4359464511
4500, 21.5453157682, 93538.3724574, 18.4442880825
4550, 21.570547637, 94577.6892054, 18.452815809
4600, 21.5958602579, 95617.0063012, 18.4615265569
4650, 21.6212337068, 96656.3237352, 18.470417134
4700, 21.6466486248, 97695.6414976, 18.4794842402
4750, 21.6720862331, 98734.9595788, 18.4887244785
4800, 21.6975283438, 99774.277969, 18.4981343651
4850, 21.7229573698, 100813.596659, 18.5077103389
4900, 21.74835633, 101852.915638, 18.5174487713
4950, 21.7737088546, 102892.234898, 18.5273459749
5000, 21.7989991861, 103931.554428, 18.5373982119
5050, 21.8242121797, 104970.87422, 18.5476017024
5100, 21.849333302, 106010.194264, 18.557952632
5150, 21.874348627, 107049.514551, 18.5684471592
5200, 21.8992448322, 108088.835071, 18.5790814222
5250, 21.9240091919, 109128.155815, 18.5898515452
5300, 21.9486295711, 110167.476775, 18.600753645
5350, 21.9730944165, 111206.797942, 18.6117838366
5400, 21.9973927484, 112246.119307, 18.6229382386
5450, 22.0215141508, 113285.440861, 18.6342129782
5500, 22.0454487612, 114324.762596, 18.6456041962
5550, 22.0691872598, 115364.084504, 18.6571080514
5600, 22.0927208586, 116403.406576, 18.6687207248
5650, 22.1160412896, 117442.728804, 18.6804384232
5700, 22.1391407936, 118482.051181, 18.6922573834
5750, 22.162012108, 119521.373698, 18.7041738749
5800, 22.1846484548, 120560.696348, 18.7161842036
5850, 22.2070435292, 121600.019124, 18.7282847142
5900, 22.2291914871, 122639.342018, 18.7404717931
5950, 22.2510869342, 123678.665023, 18.7527418707
6000, 22.2727249135, 124717.988132, 18.7650914238
6050, 22.2941008951, 125757.311338, 18.7775169776
6100, 22.3152107642, 126796.634634, 18.7900151073
6150, 22.3360508113, 127835.958014, 18.8025824403
6200, 22.3566177213, 128875.281471, 18.8152156573
6250, 22.3769085643, 129914.605, 18.827911494
6300, 22.3969207856, 130953.928594, 18.8406667424
6350, 22.4166521973, 131993.252246, 18.8534782516
6400, 22.4361009697, 133032.575953, 18.8663429293
6450, 22.455265624, 134071.899706, 18.8792577423
6500, 22.4741450244, 135111.223502, 18.8922197178
6550, 22.4927383724, 136150.547335, 18.9052259438
6600, 22.5110452001, 137189.8712, 18.9182735699
6650, 22.5290653656, 138229.195091, 18.9313598082
6700, 22.5467990483, 139268.519004, 18.9444819332
6750, 22.5642467447, 140307.842934, 18.9576372829
6800, 22.5814092659, 141347.166877, 18.9708232592
6850, 22.5982877348, 142386.490827, 18.9840373279
6900, 22.6148835845, 143425.814782, 18.9972770196
6950, 22.6311985575, 144465.138736, 19.0105399298
7000, 22.6472347057, 145504.462686, 19.0238237192
7050, 22.662994391, 146543.786627, 19.0371261144
7100, 22.6784802866, 147583.110557, 19.0504449077
7150, 22.6936953794, 148622.434471, 19.063777958
7200, 22.708642973, 149661.758367, 19.0771231907
7250, 22.7233266915, 150701.08224, 19.0904785983
7300, 22.7377504838, 151740.406088, 19.1038422407
7350, 22.7519186294, 152779.729908, 19.1172122456
7400, 22.7658357444, 153819.053696, 19.130586809
7450, 22.7795067881, 154858.377451, 19.1439641955
7500, 22.792937071, 155897.70117, 19.1573427388
7550, 22.806132263, 156937.024849, 19.1707208426
7600, 22.8190984027, 157976.348488, 19.1840969804
7650, 22.8318419071, 159015.672083, 19.197469697
7700, 22.8443695822, 160054.995633, 19.2108376083
7750, 22.8566886341, 161094.319135, 19.2241994028
7800, 22.8688066815, 162133.642589, 19.2375538417
7850, 22.8807317673, 163172.965993, 19.25089976
7900, 22.8924723727, 164212.289345, 19.2642360674
7950, 22.9040374305, 165251.612643, 19.2775617492
8000, 22.9154363395, 166290.935888, 19.2908758673
8050, 22.9266789799, 167330.259077, 19.3041775609
8100, 22.937775728, 168369.582209, 19.3174660482
8150, 22.9487374727, 169408.905285, 19.3307406271
8200, 22.959575632, 170448.228304, 19.3440006766
8250, 22.9703021695, 171487.551265, 19.3572456581
8300, 22.9809296118, 172526.874168, 19.3704751169
8350, 22.9914710665, 173566.197013, 19.3836886831
8400, 23.0019402397, 174605.5198, 19.3968860739
8450, 23.0123514547, 175644.84253, 19.4100670942
8500, 23.0227196704, 176684.165202, 19.4232316393
8550, 23.0330605003, 177723.487818, 19.4363796954
8600, 23.0433902313, 178762.810377, 19.4495113424
8650, 23.0537258431, 179802.132882, 19.4626267549
8700, 23.0640850273, 180841.455333, 19.4757262047
8750, 23.0744862072, 181880.777731, 19.488810062
8800, 23.0849485569, 182920.100078, 19.5018787982
8850, 23.0954920209, 183959.422376, 19.5149329873
8900, 23.1061373337, 184998.744627, 19.527973308
8950, 23.116906039, 186038.066831, 19.5410005463
9000, 23.1278205091, 187077.388993, 19.5540155973
9050, 23.138903964, 188116.711114, 19.5670194674
9100, 23.1501804905, 189156.033197, 19.5800132767
9150, 23.1616750608, 190195.355244, 19.5929982615
9200, 23.173413551, 191234.67726, 19.6059757762
9250, 23.1854227594, 192273.999246, 19.6189472959
9300, 23.1977304244, 193313.321207, 19.631914419
9350, 23.2103652418, 194352.643147, 19.6448788694
9400, 23.2233568822, 195391.965069, 19.657842499
9450, 23.2367360072, 196431.286978, 19.6708072903
9500, 23.250534286, 197470.608877, 19.6837753589
9550, 23.2647844108, 198509.930773, 19.696748956
9600, 23.2795201121, 199549.252669, 19.7097304709
9650, 23.2947761728, 200588.574571, 19.7227224336
9700, 23.3105884426, 201627.896485, 19.7357275175
9750, 23.3269938507, 202667.218415, 19.7487485417
9800, 23.3440304189, 203706.540369, 19.7617884737
9850, 23.3617372729, 204745.862352, 19.7748504323
9900, 23.3801546536, 205785.184371, 19.7879376895
9950, 23.3993239277, 206824.506433, 19.8010536736
10000, 23.4192875963, 207863.828544, 19.8142019714
10050, 23.4400893047, 208903.150712, 19.827386331
10100, 23.4617738489, 209942.472946, 19.8406106641
10150, 23.4843871837, 210981.795252, 19.8538790484
10200, 23.5079764277, 212021.117639, 19.8671957304
10250, 23.5325898685, 213060.440116, 19.8805651273
10300, 23.5582769673, 214099.762691, 19.8939918299
10350, 23.585088361, 215139.085374, 19.9074806045
10400, 23.6130758649, 216178.408174, 19.9210363954
10450, 23.6422924731, 217217.731101, 19.9346643272
10500, 23.6727923589, 218257.054165, 19.9483697067
10550, 23.7046308731, 219296.377377, 19.9621580254
10600, 23.7378645418, 220335.700747, 19.9760349612
10650, 23.772551063, 221375.024287, 19.9900063809
10700, 23.8087493021, 222414.348008, 20.0040783415
10750, 23.8465192855, 223453.671922, 20.0182570926
10800, 23.8859221943, 224492.996041, 20.0325490781
10850, 23.9270203557, 225532.320377, 20.0469609377
10900, 23.9698772335, 226571.644944, 20.0614995088
10950, 24.0145574175, 227610.969754, 20.0761718279
11000, 24.0611266118, 228650.294822, 20.0909851321
11050, 24.1096516211, 229689.62016, 20.1059468606
11100, 24.1602003364, 230728.945784, 20.1210646559
11150, 24.2128417192, 231768.271708, 20.1363463648
11200, 24.2676457844, 232807.597946, 20.15180004
11250, 24.3246835815, 233846.924515, 20.1674339406
11300, 24.3840271751, 234886.25143, 20.1832565332
11350, 24.4457496236, 235925.578706, 20.1992764925
11400, 24.5099249565, 236964.906362, 20.2155027022
11450, 24.5766281503, 238004.234412, 20.2319442554
11500, 24.6459351038, 239043.562875, 20.2486104552
11550, 24.7179226106, 240082.891767, 20.2655108146
11600, 24.7926683311, 241122.221108, 20.282655057
11650, 24.8702507634, 242161.550914, 20.3000531164
11700, 24.9507492114, 243200.881205, 20.3177151366
11750, 25.0342437531, 244240.212, 20.3356514721
11800, 25.120815206, 245279.543318, 20.3538726865
11850, 25.2105450925, 246318.875178, 20.372389553
11900, 25.3035156019, 247358.207601, 20.3912130534
11950, 25.3998095533, 248397.540607, 20.4103543771
12000, 25.4995103547, 249436.874217, 20.4298249205
12050, 25.6027019626, 250476.208452, 20.4496362858
12100, 25.7094688384, 251515.543333, 20.4698002798
12150, 25.8198959047, 252554.878882, 20.4903289124
12200, 25.9340684994, 253594.215122, 20.5112343953
12250, 26.052072328, 254633.552074, 20.5325291401
12300, 26.1739934155, 255672.889762, 20.5542257565
12350, 26.2999180556, 256712.228209, 20.5763370503
12400, 26.4299327592, 257751.567438, 20.5988760211
12450, 26.5641242008, 258790.907473, 20.6218558602
12500, 26.7025791643, 259830.248338, 20.6452899477
12550, 26.8453844862, 260869.590057, 20.6691918504
12600, 26.9926269982, 261908.932656, 20.6935753182
12650, 27.1443934677, 262948.276159, 20.7184542816
12700, 27.3007705374, 263987.620591, 20.7438428481
12750, 27.4618446631, 265026.965978, 20.7697552993
12800, 27.6277020499, 266066.312346, 20.7962060868
12850, 27.7984285874, 267105.659721, 20.8232098287
12900, 27.9741097829, 268145.008129, 20.8507813056
12950, 28.154830694, 269184.357597, 20.8789354567
13000, 28.3406758591, 270223.708152, 20.907687375
13050, 28.5317292265, 271263.059821, 20.9370523033
13100, 28.7280740828, 272302.412631, 20.9670456292
13150, 28.9297929796, 273341.766609, 20.9976828805
13200, 29.1369676583, 274381.121784, 21.0289797199
13250, 29.349678975, 275420.478184, 21.0609519397
13300, 29.5680068227, 276459.835836, 21.0936154567
13350, 29.7920300534, 277499.194769, 21.1269863065
13400, 30.0218263981, 278538.555012, 21.1610806372
13450, 30.2574723864, 279577.916592, 21.195914704
13500, 30.4990432649, 280617.279539, 21.2315048628
13550, 30.7466129139, 281656.643881, 21.2678675636
13600, 31.0002537637, 282696.009648, 21.3050193444
13650, 31.2600367099, 283735.376869, 21.3429768238
13700, 31.5260310275, 284774.745572, 21.3817566947
13750, 31.7983042846, 285814.115787, 21.4213757166
13800, 32.0769222543, 286853.487544, 21.4618507087
13850, 32.3619488273, 287892.860871, 21.5031985421
13900, 32.6534459227, 288932.235798, 21.5454361323
13950, 32.9514733984, 289971.612355, 21.5885804313
14000, 33.2560889615, 291010.99057, 21.6326484193
14050, 33.5673480776, 292050.370474, 21.6776570968
14100, 33.8853038799, 293089.752095, 21.723623476
14150, 34.2100070782, 294129.135463, 21.7705645724
14200, 34.5415058674, 295168.520607, 21.8184973956
14250, 34.8798458362, 296207.907557, 21.8674389409
14300, 35.2250698751, 297247.29634, 21.9174061801
14350, 35.5772180852, 298286.686987, 21.9684160519
14400, 35.9363276871, 299326.079526, 22.020485453
14450, 36.3024329288, 300365.473986, 22.073631228
14500, 36.6755649962, 301404.870395, 22.1278701603
14550, 37.0557519218, 302444.268781, 22.1832189616
14600, 37.4430184954, 303483.669173, 22.2396942625
14650, 37.8373861751, 304523.071598, 22.2973126021
14700, 38.2388729987, 305562.476085, 22.3560904177
14750, 38.6474934968, 306601.882659, 22.4160440343
14800, 39.0632586066, 307641.29135, 22.4771896546
14850, 39.4861755861, 308680.702182, 22.5395433479
14900, 39.9162479315, 309720.115184, 22.6031210396
14950, 40.3534752937, 310759.53038, 22.6679385003
15000, 40.7978533986, 311798.947796, 22.7340113349
15050, 41.2493739673, 312838.367459, 22.8013549718
15100, 41.7080246396, 313877.789392, 22.8699846516
15150, 42.1737888983, 314917.213621, 22.939915416
15200, 42.6466459967, 315956.640169, 23.0111620967
15250, 43.1265708877, 316996.06906, 23.083739304
15300, 43.6135341553, 318035.500318, 23.1576614158
15350, 44.1075019495, 319074.933964, 23.232942566
15400, 44.6084359228, 320114.370022, 23.3095966332
15450, 45.1162931708, 321153.808511, 23.3876372294
15500, 45.6310261744, 322193.249454, 23.4670776885
15550, 46.1525827468, 323232.692871, 23.5479310551
15600, 46.6809059827, 324272.138782, 23.6302100733
15650, 47.2159342111, 325311.587206, 23.7139271747
15700, 47.7576009525, 326351.03816, 23.7990944679
15750, 48.3058348788, 327390.491664, 23.8857237268
15800, 48.8605597784, 328429.947734, 23.9738263797
15850, 49.4216945237, 329469.406386, 24.0634134977
15900, 49.9891530447, 330508.867637, 24.1544957843
15950, 50.5628443055, 331548.331501, 24.2470835639
16000, 51.1426722861, 332587.797992, 24.3411867716
16050, 51.7285359683, 333627.267124, 24.4368149417
16100, 52.3203293268, 334666.73891, 24.5339771979
16150, 52.917941325, 335706.21336, 24.6326822421
16200, 53.5212559156, 336745.690486, 24.732938345
16250, 54.1301520465, 337785.170299, 24.8347533352
16300, 54.744503672, 338824.652806, 24.9381345896
16350, 55.3641797691, 339864.138017, 25.0430890237
16400, 55.9890443594, 340903.625938, 25.149623082
16450, 56.6189565363, 341943.116576, 25.2577427287
16500, 57.253770498, 342982.609937, 25.3674534387
16550, 57.8933355858, 344022.106025, 25.4787601885
16600, 58.5374963288, 345061.604843, 25.5916674481
16650, 59.1860924936, 346101.106394, 25.7061791721
16700, 59.8389591402, 347140.61068, 25.8222987922
16750, 60.4959266839, 348180.117701, 25.9400292093
16800, 61.1568209629, 349219.627457, 26.0593727859
16850, 61.8214633117, 350259.139945, 26.1803313393
16900, 62.4896706407, 351298.655164, 26.3029061346
16950, 63.1612555217, 352338.173109, 26.4270978784
17000, 63.8360262791, 353377.693777, 26.5529067128
17050, 64.5137870874, 354417.21716, 26.6803322094
17100, 65.1943380737, 355456.743253, 26.8093733643
17150, 65.8774754275, 356496.272046, 26.9400285932
17200, 66.5629915148, 357535.803532, 27.0722957265
17250, 67.2506749985, 358575.337699, 27.2061720054
17300, 67.9403109648, 359614.874537, 27.3416540782
17350, 68.6316810546, 360654.414033, 27.478737997
17400, 69.3245636005, 361693.956173, 27.6174192149
17450, 70.0187337691, 362733.500943, 27.7576925833
17500, 70.7139637087, 363773.048327, 27.8995523502
17550, 71.4100227019, 364812.598308, 28.0429921588
17600, 72.1066773228, 365852.150867, 28.1880050461
17650, 72.8036916, 366891.705986, 28.3345834426
17700, 73.5008271828, 367931.263645, 28.482719172
17750, 74.1978435128, 368970.823821, 28.6324034519
17800, 74.8944979996, 370010.386492, 28.7836268941
17850, 75.5905461999, 371049.951635, 28.9363795066
17900, 76.2857420013, 372089.519225, 29.090650695
17950, 76.9798378089, 373129.089236, 29.2464292648
18000, 77.6725847358, 374168.66164, 29.4037034246
18050, 78.3637327964, 375208.236411, 29.5624607891
18100, 79.0530311025, 376247.813518, 29.7226883827
18150, 79.7402280623, 377287.392932, 29.8843726445
18200, 80.4250715818, 378326.974621, 30.0474994322
18250, 81.1073092675, 379366.558553, 30.2120540282
18300, 81.7866886318, 380406.144694, 30.3780211448
18350, 82.4629572996, 381445.733012, 30.5453849305
18400, 83.1358632155, 382485.323469, 30.7141289772
18450, 83.805154853, 383524.916029, 30.8842363267
18500, 84.4705814235, 384564.510657, 31.055689479
18550, 85.1318930857, 385604.107312, 31.2284703998
18600, 85.7888411553, 386643.705957, 31.4025605297
18650, 86.4411783141, 387683.306551, 31.5779407929
18700, 87.0886588186, 388722.909052, 31.7545916066
18750, 87.7310387077, 389762.51342, 31.9324928912
18800, 88.3680760089, 390802.119612, 32.1116240802
18850, 88.9995309435, 391841.727583, 32.2919641314
18900, 89.6251661292, 392881.337291, 32.4734915375
18950, 90.2447467808, 393920.948689, 32.656184338
19000, 90.8580409091, 394960.561732, 32.8400201312
19050, 91.4648195156, 396000.176374, 33.0249760859
19100, 92.0648567857, 397039.792566, 33.2110289543
19150, 92.6579302772, 398079.410262, 33.3981550853
19200, 93.243821106, 399119.029412, 33.5863304369
19250, 93.8223141275, 400158.649968, 33.7755305906
19300, 94.3931981139, 401198.271879, 33.9657307646
19350, 94.9562659272, 402237.895096, 34.1569058286
19400, 95.5113146869, 403277.519567, 34.3490303172
19450, 96.0581459334, 404317.14524, 34.5420784456
19500, 96.5965657859, 405356.772065, 34.7360241235
19550, 97.1263850949, 406396.399988, 34.9308409709
19600, 97.6474195889, 407436.028958, 35.1265023329
19650, 98.1594900157, 408475.658919, 35.322981295
19700, 98.662422277, 409515.289821, 35.5202506992
19750, 99.1560475574, 410554.921607, 35.7182831591
19800, 99.6402024469, 411594.554225, 35.9170510763
19850, 100.114729056, 412634.18762, 36.1165266557
19900, 100.579475127, 413673.821737, 36.316681922
19950, 101.034294131, 414713.456521, 36.5174887356
20000, 101.479045372, 415753.091918, 36.7189188086
20050, 101.913594066, 416792.727872, 36.9209437212
20100, 102.337811428, 417832.364328, 37.1235349377
20150, 102.751574746, 418872.001231, 37.3266638224
20200, 103.154767445, 419911.638526, 37.5303016563
20250, 103.547279148, 420951.276156, 37.7344196525
20300, 103.929005727, 421990.914067, 37.938988973
20350, 104.299849353, 423030.552203, 38.1439807439
20400, 104.659718526, 424070.19051, 38.3493660716
20450, 105.008528109, 425109.828931, 38.5551160585
20500, 105.346199354, 426149.467412, 38.7612018186
20550, 105.672659911, 427189.105899, 38.967594493
20600, 105.987843842, 428228.744336, 39.174265265
20650, 106.291691618, 429268.38267, 39.3811853756
20700, 106.584150119, 430308.020845, 39.5883261382
20750, 106.865172615, 431347.658809, 39.7956589533
20800, 107.13471875, 432387.296507, 40.003155323
20850, 107.392754514, 433426.933886, 40.2107868656
20900, 107.639252213, 434466.570894, 40.4185253293
20950, 107.874190424, 435506.207478, 40.6263426064
21000, 108.097553956, 436545.843587, 40.8342107461
21050, 108.30933379, 437585.479167, 41.0421019688
21100, 108.509527029, 438625.114169, 41.249988678
21150, 108.698136827, 439664.748541, 41.4578434738
21200, 108.875172325, 440704.382234, 41.6656391648
21250, 109.04064857, 441744.015197, 41.8733487801
21300, 109.19458644, 442783.647383, 42.0809455816
21350, 109.337012556, 443823.278741, 42.2884030746
21400, 109.467959188, 444862.909225, 42.4956950193
21450, 109.587464166, 445902.538786, 42.7027954417
21500, 109.695570777, 446942.167379, 42.9096786432
21550, 109.792327659, 447981.794957, 43.1163192114
21600, 109.877788697, 449021.421474, 43.3226920294
21650, 109.952012909, 450061.046887, 43.528772285
21700, 110.01506433, 451100.671151, 43.7345354795
21750, 110.067011892, 452140.294223, 43.9399574366
21800, 110.107929307, 453179.91606, 44.1450143103
21850, 110.137894937, 454219.536621, 44.3496825926
21900, 110.156991667, 455259.155864, 44.5539391212
21950, 110.165306778, 456298.773749, 44.7577610861
22000, 110.162931812, 457338.390236, 44.9611260365
22050, 110.149962439, 458378.005287, 45.1640118872
22100, 110.12649832, 459417.618864, 45.3663969242
22150, 110.092642971, 460457.23093, 45.5682598102
22200, 110.048503623, 461496.841448, 45.76957959
22250, 109.99419108, 462536.450382, 45.9703356951
22300, 109.929819584, 463576.057699, 46.1705079481
22350, 109.855506667, 464615.663364, 46.3700765668
22400, 109.771373014, 465655.267344, 46.5690221675
22450, 109.677542317, 466694.869606, 46.7673257691
22500, 109.574141135, 467734.470121, 46.9649687952
22550, 109.461298751, 468774.068856, 47.1619330772
22600, 109.339147032, 469813.665782, 47.3582008566
22650, 109.207820282, 470853.260871, 47.5537547865
22700, 109.067455108, 471892.854095, 47.7485779337
22750, 108.918190276, 472932.445425, 47.9426537795
22800, 108.760166575, 473972.034837, 48.1359662212
22850, 108.593526675, 475011.622305, 48.3284995722
22900, 108.418414994, 476051.207803, 48.5202385625
22950, 108.234977563, 477090.791309, 48.711168339
23000, 108.04336189, 478130.3728, 48.9012744648
23050, 107.843716831, 479169.952253, 49.0905429189
23100, 107.636192457, 480209.529647, 49.2789600954
23150, 107.42093993, 481249.104962, 49.4665128023
23200, 107.198111373, 482288.678178, 49.6531882603
23250, 106.967859751, 483328.249277, 49.8389741007
23300, 106.730338744, 484367.818241, 50.0238583644
23350, 106.48570263, 485407.385052, 50.2078294989
23400, 106.234106173, 486446.949694, 50.3908763565
23450, 105.9757045, 487486.512153, 50.5729881918
23500, 105.710652997, 488526.072412, 50.7541546585
23550, 105.439107194, 489565.630459, 50.9343658069
23600, 105.161222665, 490605.18628, 51.1136120804
23650, 104.877154918, 491644.739863, 51.2918843124
23700, 104.587059299, 492684.291196, 51.4691737226
23750, 104.291090892, 493723.840269, 51.6454719133
23800, 103.989404422, 494763.38707, 51.8207708656
23850, 103.682154168, 495802.931592, 51.9950629354
23900, 103.369493868, 496842.473825, 52.168340849
23950, 103.051576637, 497882.013761, 52.3405976993
24000, 102.72855488, 498921.551393, 52.5118269406
24050, 102.400580215, 499961.086715, 52.6820223847
24100, 102.06780339, 501000.61972, 52.8511781959
24150, 101.730374216, 502040.150404, 53.0192888862
24200, 101.38844149, 503079.678762, 53.1863493106
24250, 101.042152925, 504119.20479, 53.3523546619
24300, 100.69165509, 505158.728484, 53.5173004656
24350, 100.337093341, 506198.249843, 53.6811825748
24400, 99.9786117655, 507237.768864, 53.8439971653
24450, 99.6163531218, 508277.285546, 54.0057407296
24500, 99.2504587866, 509316.799888, 54.1664100722
24550, 98.8810687024, 510356.31189, 54.3260023039
24600, 98.5083213292, 511395.821552, 54.4845148362
24650, 98.1323535979, 512435.328875, 54.6419453762
24700, 97.7533008666, 513474.833861, 54.7982919205
24750, 97.3712968803, 514514.33651, 54.9535527503
24800, 96.9864737319, 515553.836827, 55.1077264252
24850, 96.5989618268, 516593.334814, 55.2608117781
24900, 96.2088898495, 517632.830474, 55.412807909
24950, 95.8163847328, 518672.323812, 55.5637141801
25000, 95.4215716289, 519711.814831, 55.7135302096
25050, 95.024573884, 520751.303538, 55.8622558661
25100, 94.6255130136, 521790.789936, 56.0098912633
25150, 94.2245086815, 522830.274032, 56.1564367542
25200, 93.82167868, 523869.755833, 56.3018929254
25250, 93.4171389124, 524909.235344, 56.4462605918
25300, 93.0110033782, 525948.712574, 56.5895407906
25350, 92.6033841592, 526988.187528, 56.7317347763
25400, 92.1943914084, 528027.660216, 56.8728440147
25450, 91.7841333406, 529067.130644, 57.0128701781
25500, 91.3727162244, 530106.598823, 57.1518151388
25550, 90.9602443767, 531146.06476, 57.2896809649
25600, 90.546820158, 532185.528466, 57.4264699142
25650, 90.1325439703, 533224.989948, 57.5621844291
25700, 89.717514256, 534264.449218, 57.6968271312
25750, 89.3018274982, 535303.906286, 57.8304008166
25800, 88.885578223, 536343.361161, 57.9629084501
25850, 88.4688590029, 537382.813855, 58.0943531605
25900, 88.0517604615, 538422.264378, 58.2247382354
25950, 87.6343712798, 539461.712743, 58.3540671164
26000, 87.2167782035, 540501.158959, 58.4823433941
26050, 86.7990660513, 541540.60304, 58.6095708029
26100, 86.381317725, 542580.044997, 58.735753217
26150, 85.9636142202, 543619.484842, 58.8608946447
26200, 85.5460346377, 544658.922588, 58.9849992246
26250, 85.128656197, 545698.358247, 59.1080712205
26300, 84.7115542496, 546737.791832, 59.2301150171
26350, 84.2948022937, 547777.223356, 59.3511351153
26400, 83.8784719897, 548816.652833, 59.4711361282
26450, 83.4626331765, 549856.080275, 59.5901227764
26500, 83.0473538887, 550895.505697, 59.7080998842
26550, 82.6327003739, 551934.929111, 59.8250723748
26600, 82.2187371115, 552974.350532, 59.9410452669
26650, 81.8055268313, 554013.769973, 60.0560236703
26700, 81.3931305334, 555053.187449, 60.170012782
26750, 80.9816075083, 556092.602973, 60.2830178823
26800, 80.5710153571, 557132.016561, 60.3950443311
26850, 80.1614100131, 558171.428226, 60.5060975641
26900, 79.7528457628, 559210.837982, 60.6161830894
26950, 79.3453752681, 560250.245846, 60.7253064834
27000, 78.9390495882, 561289.65183, 60.8334733878
27050, 78.5339182025, 562329.055951, 60.9406895059
27100, 78.130029033, 563368.458222, 61.0469605994
27150, 77.7274284677, 564407.858658, 61.1522924851
27200, 77.3261613835, 565447.257275, 61.2566910316
27250, 76.9262711702, 566486.654088, 61.3601621561
27300, 76.5277997535, 567526.049111, 61.4627118217
27350, 76.1307876194, 568565.44236, 61.5643460339
27400, 75.7352738375, 569604.83385, 61.6650708381
27450, 75.3412960853, 570644.223595, 61.7648923166
27500, 74.9488906723, 571683.611612, 61.8638165857
27550, 74.5580925639, 572722.997914, 61.9618497932
27600, 74.1689354053, 573762.382518, 62.0589981157
27650, 73.7814515462, 574801.765439, 62.1552677559
27700, 73.3956720639, 575841.146692, 62.2506649401
27750, 73.0116267885, 576880.526291, 62.345195916
27800, 72.6293443257, 577919.904253, 62.43886695
27850, 72.2488520814, 578959.280593, 62.5316843252
27900, 71.8701762854, 579998.655325, 62.6236543388
27950, 71.4933420147, 581038.028464, 62.7147833003
28000, 71.1183732175, 582077.400027, 62.805077529
28050, 70.7452927362, 583116.770028, 62.8945433524
28100, 70.3741223309, 584156.138482, 62.9831871034
28150, 70.0048827024, 585195.505404, 63.0710151194
28200, 69.6375935153, 586234.87081, 63.1580337396
28250, 69.2722734203, 587274.234714, 63.2442493034
28300, 68.9089400771, 588313.597131, 63.3296681489
28350, 68.5476101764, 589352.958076, 63.4142966107
28400, 68.1882994625, 590392.317565, 63.4981410186
28450, 67.8310227545, 591431.675611, 63.5812076959
28500, 67.4757939685, 592471.032229, 63.6635029578
28550, 67.1226261386, 593510.387435, 63.74503311
28600, 66.7715314382, 594549.741243, 63.8258044468
28650, 66.4225212012, 595589.093667, 63.9058232505
28700, 66.075605942, 596628.444722, 63.9850957893
28750, 65.7307953763, 597667.794423, 64.0636283164
28800, 65.3880984412, 598707.142783, 64.1414270684
28850, 65.0475233148, 599746.489817, 64.2184982646
28900, 64.7090774359, 600785.83554, 64.2948481053
28950, 64.3727675233, 601825.179965, 64.3704827709
29000, 64.0385995947, 602864.523107, 64.4454084209
29050, 63.7065789855, 603903.86498, 64.5196311926
29100, 63.3767103671, 604943.205597, 64.5931572003
29150, 63.0489977649, 605982.544972, 64.6659925343
29200, 62.7234445766, 607021.883119, 64.7381432599
29250, 62.4000535893, 608061.220053, 64.8096154166
29300, 62.0788269968, 609100.555785, 64.8804150172
29350, 61.7597664168, 610139.890331, 64.9505480469
29400, 61.4428729073, 611179.223703, 65.0200204629
29450, 61.1281469831, 612218.555915, 65.0888381929
29500, 60.815588632, 613257.88698, 65.1570071352
29550, 60.5051973302, 614297.216911, 65.2245331577
29600, 60.1969720582, 615336.545721, 65.291422097
29650, 59.8909113158, 616375.873423, 65.3576797582
29700, 59.587013137, 617415.20003, 65.423311914
29750, 59.2852751047, 618454.525555, 65.4883243045
29800, 58.985694365, 619493.85001, 65.5527226362
29850, 58.6882676414, 620533.173409, 65.6165125819
29900, 58.3929912483, 621572.495763, 65.67969978
29950, 58.0998611048, 622611.817085, 65.7422898344
30000, 57.8088727476, 623651.137388, 65.8042883135
30050, 57.5200213443, 624690.456683, 65.8657007502
30100, 57.2333017057, 625729.774983, 65.9265326418
30150, 56.9487082985, 626769.092299, 65.9867894488
30200, 56.6662352574, 627808.408644, 66.0464765956
30250, 56.3858763966, 628847.724029, 66.1055994694
30300, 56.1076252222, 629887.038467, 66.1641634204
30350, 55.8314749425, 630926.351968, 66.2221737612
30400, 55.55741848, 631965.664544, 66.279635767
30450, 55.2854484818, 633004.976207, 66.3365546749
30500, 55.0155573303, 634044.286968, 66.3929356841
30550, 54.7477371535, 635083.596838, 66.4487839554
30600, 54.4819798353, 636122.905828, 66.5041046115
30650, 54.218277025, 637162.21395, 66.5589027363
30700, 53.9566201473, 638201.521214, 66.613183375
30750, 53.6970004115, 639240.827631, 66.6669515343
30800, 53.4394088207, 640280.133212, 66.7202121819
30850, 53.183836181, 641319.437968, 66.7729702464
30900, 52.9302731096, 642358.741908, 66.8252306179
30950, 52.6787100441, 643398.045044, 66.8769981469
31000, 52.4291372503, 644437.347385, 66.9282776451
31050, 52.1815448302, 645476.648943, 66.9790738852
31100, 51.9359227303, 646515.949726, 67.0293916008
31150, 51.692260749, 647555.249746, 67.0792354861
31200, 51.4505485442, 648594.549011, 67.1286101966
31250, 51.2107756402, 649633.847533, 67.1775203486
31300, 50.9729314355, 650673.14532, 67.2259705195
31350, 50.737005209, 651712.442383, 67.2739652477
31400, 50.5029861271, 652751.73873, 67.3215090327
31450, 50.2708632501, 653791.034372, 67.3686063353
31500, 50.0406255386, 654830.329317, 67.4152615774
31550, 49.8122618595, 655869.623575, 67.4614791425
31600, 49.5857609923, 656908.917155, 67.5072633754
31650, 49.3611116348, 657948.210067, 67.5526185826
31700, 49.1383024086, 658987.502319, 67.5975490323
31750, 48.9173218649, 660026.793919, 67.6420589544
31800, 48.6981584895, 661066.084878, 67.686152541
31850, 48.4808007084, 662105.375203, 67.729833946
31900, 48.2652368924, 663144.664904, 67.7731072858
31950, 48.0514553623, 664183.953988, 67.8159766391
32000, 47.8394443937, 665223.242464, 67.8584460472
32050, 47.6291922212, 666262.530341, 67.9005195141
32100, 47.4206870433, 667301.817627, 67.9422010068
32150, 47.2139170265, 668341.104329, 67.9834944552
32200, 47.0088703094, 669380.390457, 68.0244037526
32250, 46.805535007, 670419.676017, 68.0649327559
32300, 46.6038992146, 671458.961019, 68.1050852852
32350, 46.4039510113, 672498.24547, 68.1448651249
32400, 46.2056784641, 673537.529377, 68.1842760233
32450, 46.0090696312, 674576.812748, 68.2233216928
32500, 45.8141125655, 675616.095591, 68.2620058105
32550, 45.6207953181, 676655.377913, 68.3003320179
32600, 45.4291059413, 677694.659722, 68.3383039218
32650, 45.2390324917, 678733.941024, 68.3759250936
32700, 45.0505630335, 679773.221828, 68.4131990705
32750, 44.863685641, 680812.502141, 68.4501293549
32800, 44.6783884019, 681851.781969, 68.4867194153
32850, 44.4946594195, 682891.061319, 68.5229726858
32900, 44.3124868156, 683930.340199, 68.5588925673
32950, 44.1318587332, 684969.618615, 68.5944824267
33000, 43.9527633383, 686008.896574, 68.6297455979
33050, 43.7751888229, 687048.174083, 68.6646853816
33100, 43.599123407, 688087.451148, 68.6993050458
33150, 43.4245553405, 689126.727776, 68.733607826
33200, 43.2514729059, 690166.003973, 68.7675969252
33250, 43.0798644195, 691205.279746, 68.8012755144
33300, 42.9097182343, 692244.555101, 68.834646733
33350, 42.7410227408, 693283.830045, 68.8677136884
33400, 42.5737663696, 694323.104583, 68.9004794571
33450, 42.4079375928, 695362.378721, 68.9329470842
33500, 42.2435249254, 696401.652466, 68.9651195841
33550, 42.0805169274, 697440.925824, 68.9969999407
33600, 41.9189022047, 698480.1988, 69.0285911073
33650, 41.7586694112, 699519.471401, 69.0598960075
33700, 41.5998072494, 700558.743631, 69.0909175347
33750, 41.4423044723, 701598.015497, 69.1216585529
33800, 41.2861498846, 702637.287005, 69.1521218968
33850, 41.1313323435, 703676.55816, 69.182310372
33900, 40.9778407603, 704715.828967, 69.2122267551
33950, 40.8256641011, 705755.099431, 69.2418737944
34000, 40.6747913882, 706794.369559, 69.2712542096
34050, 40.5252117008, 707833.639356, 69.3003706925
34100, 40.376914176, 708872.908826, 69.3292259071
34150, 40.2298880096, 709912.177975, 69.3578224895
34200, 40.0841224571, 710951.446808, 69.386163049
34250, 39.9396068345, 711990.71533, 69.4142501672
34300, 39.7963305189, 713029.983547, 69.4420863994
34350, 39.654282949, 714069.251462, 69.4696742739
34400, 39.5134536265, 715108.519081, 69.4970162929
34450, 39.3738321157, 716147.786409, 69.5241149325
34500, 39.235408045, 717187.05345, 69.5509726427
34550, 39.0981711067, 718226.320209, 69.5775918481
34600, 38.962111058, 719265.586691, 69.6039749479
34650, 38.8272177213, 720304.8529, 69.6301243161
34700, 38.6934809847, 721344.118841, 69.6560423018
34750, 38.5608908021, 722383.384519, 69.6817312295
34800, 38.429437194, 723422.649937, 69.7071933991
34850, 38.2991102474, 724461.9151, 69.7324310866
34900, 38.1699001165, 725501.180013, 69.7574465439
34950, 38.0417970228, 726540.444679, 69.7822419991
35000, 37.9147912552, 727579.709103, 69.806819657
35050, 37.7888731704, 728618.97329, 69.8311816989
35100, 37.6640331931, 729658.237242, 69.8553302832
35150, 37.540261816, 730697.500965, 69.8792675457
35200, 37.4175496, 731736.764461, 69.9029955992
35250, 37.2958871746, 732776.027736, 69.9265165346
35300, 37.1752652375, 733815.290793, 69.9498324203
35350, 37.0556745549, 734854.553636, 69.9729453031
35400, 36.9371059617, 735893.816268, 69.9958572079
35450, 36.8195503612, 736933.078694, 70.0185701382
35500, 36.7029987255, 737972.340917, 70.0410860763
35550, 36.5874420951, 739011.602941, 70.0634069835
35600, 36.4728715791, 740050.86477, 70.0855348001
35650, 36.3592783549, 741090.126406, 70.1074714461
35700, 36.2466536686, 742129.387854, 70.1292188208
35750, 36.1349888343, 743168.649117, 70.1507788035
35800, 36.0242752347, 744207.910199, 70.1721532535
35850, 35.9145043202, 745247.171102, 70.1933440104
35900, 35.8056676094, 746286.431831, 70.2143528941
35950, 35.6977566887, 747325.692388, 70.2351817052
36000, 35.590763212, 748364.952778, 70.2558322252
36050, 35.4846789008, 749404.213002, 70.2763062166
36100, 35.3794955439, 750443.473064, 70.296605423
36150, 35.2752049972, 751482.732968, 70.3167315698
36200, 35.1717991832, 752521.992717, 70.3366863638
36250, 35.0692700915, 753561.252313, 70.3564714935
36300, 34.9676097777, 754600.51176, 70.3760886297
36350, 34.8668103639, 755639.77106, 70.3955394252
36400, 34.7668640377, 756679.030217, 70.4148255153
36450, 34.6677630529, 757718.289234, 70.433948518
36500, 34.5694997281, 758757.548113, 70.4529100338
36550, 34.4720664473, 759796.806857, 70.4717116464
36600, 34.3754556593, 760836.065469, 70.4903549225
36650, 34.2796598774, 761875.323952, 70.5088414121
36700, 34.1846716789, 762914.582309, 70.5271726489
36750, 34.0904837051, 763953.840542, 70.54535015
36800, 33.997088661, 764993.098653, 70.5633754165
36850, 33.9044793146, 766032.356647, 70.5812499336
36900, 33.8126484969, 767071.614525, 70.5989751705
36950, 33.7215891014, 768110.872289, 70.6165525809
37000, 33.6312940839, 769150.129943, 70.6339836029
37050, 33.5417564621, 770189.387488, 70.6512696596
37100, 33.4529693149, 771228.644928, 70.6684121587
37150, 33.3649257828, 772267.902264, 70.6854124929
37200, 33.2776190667, 773307.159499, 70.7022720403
37250, 33.1910424281, 774346.416636, 70.7189921642
37300, 33.1051891886, 775385.673677, 70.7355742135
37350, 33.0200527292, 776424.930624, 70.7520195227
37400, 32.9356264906, 777464.187479, 70.7683294122
37450, 32.8519039721, 778503.444245, 70.7845051884
37500, 32.7688787315, 779542.700924, 70.8005481438
37550, 32.6865443849, 780581.957518, 70.816459557
37600, 32.6048946062, 781621.214029, 70.8322406934
37650, 32.5239231264, 782660.47046, 70.8478928048
37700, 32.4436237337, 783699.726812, 70.8634171297
37750, 32.3639902727, 784738.983088, 70.8788148934
37800, 32.2850166443, 785778.239289, 70.8940873085
37850, 32.2066968051, 786817.495418, 70.9092355746
37900, 32.1290247671, 787856.751477, 70.9242608786
37950, 32.0519945972, 788896.007467, 70.9391643948
38000, 31.9756004169, 789935.263391, 70.9539472852
38050, 31.899836402, 790974.519251, 70.9686106994
38100, 31.8246967818, 792013.775048, 70.9831557751
38150, 31.7501758391, 793053.030784, 70.9975836377
38200, 31.6762679097, 794092.286462, 71.0118954008
38250, 31.6029673818, 795131.542082, 71.0260921664
38300, 31.5302686959, 796170.797647, 71.0401750247
38350, 31.4581663441, 797210.053159, 71.0541450546
38400, 31.3866548699, 798249.308619, 71.0680033235
38450, 31.3157288677, 799288.56403, 71.0817508876
38500, 31.2453829825, 800327.819391, 71.0953887919
38550, 31.1756119092, 801367.074707, 71.1089180707
38600, 31.1064103926, 802406.329977, 71.1223397471
38650, 31.0377732268, 803445.585205, 71.1356548336
38700, 30.9696952547, 804484.84039, 71.1488643321
38750, 30.9021713678, 805524.095536, 71.161969234
38800, 30.8351965057, 806563.350643, 71.1749705203
38850, 30.7687656557, 807602.605713, 71.1878691616
38900, 30.7028738523, 808641.860748, 71.2006661184
38950, 30.637516177, 809681.115749, 71.2133623414
39000, 30.5726877579, 810720.370718, 71.2259587709
39050, 30.5083837691, 811759.625656, 71.2384563378
39100, 30.4445994305, 812798.880564, 71.2508559631
39150, 30.3813300072, 813838.135445, 71.263158558
39200, 30.3185708093, 814877.390299, 71.2753650246
39250, 30.2563171917, 815916.645127, 71.2874762553
39300, 30.1945645531, 816955.899932, 71.2994931332
39350, 30.1333083362, 817995.154714, 71.3114165325
39400, 30.0725440271, 819034.409476, 71.323247318
39450, 30.0122671548, 820073.664217, 71.3349863456
39500, 29.952473291, 821112.91894, 71.3466344623
39550, 29.8931580498, 822152.173646, 71.3581925065
39600, 29.834317087, 823191.428336, 71.3696613077
39650, 29.7759460999, 824230.683011, 71.3810416868
39700, 29.718040827, 825269.937673, 71.3923344563
39750, 29.6605970478, 826309.192322, 71.4035404203
39800, 29.6036105817, 827348.446961, 71.4146603744
39850, 29.5470772886, 828387.701589, 71.4256951062
39900, 29.4909930679, 829426.956209, 71.4366453952
39950, 29.4353538582, 830466.210822, 71.4475120126
40000, 29.3801556373, 831505.465428, 71.4582957218
40050, 29.3253944213, 832544.720029, 71.4689972785
40100, 29.2710662647, 833583.974625, 71.4796174303
40150, 29.2171672601, 834623.229219, 71.4901569173
40200, 29.1636935371, 835662.48381, 71.5006164721
40250, 29.1106412631, 836701.738401, 71.5109968195
40300, 29.0580066418, 837740.992992, 71.5212986771
40350, 29.0057859138, 838780.247583, 71.5315227551
40400, 28.9539753557, 839819.502177, 71.5416697563
40450, 28.9025712799, 840858.756775, 71.5517403765
40500, 28.8515700343, 841898.011376, 71.5617353043
40550, 28.8009680019, 842937.265982, 71.5716552212
40600, 28.7507616008, 843976.520595, 71.5815008018
40650, 28.7009472831, 845015.775214, 71.5912727138
40700, 28.6515215356, 846055.029842, 71.6009716182
40750, 28.6024808785, 847094.284478, 71.6105981692
40800, 28.5538218658, 848133.539124, 71.6201530142
40850, 28.5055410844, 849172.793781, 71.6296367944
40900, 28.4576351545, 850212.048449, 71.6390501441
40950, 28.4101007286, 851251.30313, 71.6483936913
41000, 28.3629344914, 852290.557824, 71.6576680578
41050, 28.3161331598, 853329.812532, 71.6668738588
41100, 28.269693482, 854369.067255, 71.6760117035
41150, 28.2236122378, 855408.321994, 71.685082195
41200, 28.1778862379, 856447.576749, 71.69408593
41250, 28.1325123239, 857486.831522, 71.7030234995
41300, 28.0874873676, 858526.086313, 71.7118954884
41350, 28.0428082711, 859565.341123, 71.7207024757
41400, 27.9984719663, 860604.595952, 71.7294450347
41450, 27.9544754147, 861643.850802, 71.7381237327
41500, 27.910815607, 862683.105674, 71.7467391315
41550, 27.8674895629, 863722.360567, 71.7552917873
41600, 27.8244943308, 864761.615483, 71.7637822505
41650, 27.7818269876, 865800.870422, 71.7722110662
41700, 27.7394846382, 866840.125385, 71.7805787739
41750, 27.6974644156, 867879.380373, 71.7888859079
41800, 27.6557634801, 868918.635387, 71.797132997
41850, 27.6143790196, 869957.890426, 71.8053205648
41900, 27.5733082488, 870997.145493, 71.8134491296
41950, 27.5325484094, 872036.400586, 71.8215192046
42000, 27.4920967695, 873075.655708, 71.8295312979
42050, 27.4519506235, 874114.910858, 71.8374859125
42100, 27.412107292, 875154.166038, 71.8453835466
42150, 27.3725641209, 876193.421247, 71.8532246932
42200, 27.3333184821, 877232.676488, 71.8610098405
42250, 27.2943677724, 878271.931759, 71.8687394719
42300, 27.2557094137, 879311.187062, 71.8764140662
42350, 27.2173408526, 880350.442397, 71.884034097
42400, 27.1792595604, 881389.697765, 71.8916000337
42450, 27.1414630323, 882428.953166, 71.8991123409
42500, 27.1039487879, 883468.208601, 71.9065714785
42550, 27.0667143704, 884507.464071, 71.913977902
42600, 27.0297573464, 885546.719575, 71.9213320626
42650, 26.9930753061, 886585.975116, 71.9286344066
42700, 26.9566658625, 887625.230692, 71.9358853764
42750, 26.9205266517, 888664.486305, 71.9430854098
42800, 26.8846553322, 889703.741954, 71.9502349405
42850, 26.8490495851, 890742.997642, 71.9573343977
42900, 26.8137071134, 891782.253367, 71.9643842066
42950, 26.7786256424, 892821.509131, 71.9713847882
43000, 26.7438029188, 893860.764934, 71.9783365594
43050, 26.7092367109, 894900.020776, 71.9852399331
43100, 26.6749248085, 895939.276659, 71.992095318
43150, 26.6408650223, 896978.532581, 71.9989031191
43200, 26.6070551839, 898017.788544, 72.0056637373
43250, 26.5734931454, 899057.044549, 72.0123775695
43300, 26.5401767798, 900096.300595, 72.0190450091
43350, 26.50710398, 901135.556683, 72.0256664453
43400, 26.4742726589, 902174.812814, 72.0322422638
43450, 26.4416807495, 903214.068988, 72.0387728465
43500, 26.4093262044, 904253.325205, 72.0452585717
43550, 26.3772069955, 905292.581465, 72.0516998138
43600, 26.3453211141, 906331.83777, 72.0580969439
43650, 26.3136665704, 907371.094119, 72.0644503293
43700, 26.2822413937, 908410.350513, 72.0707603339
43750, 26.2510436319, 909449.606952, 72.0770273181
43800, 26.2200713514, 910488.863437, 72.0832516389
43850, 26.1893226368, 911528.119967, 72.0894336497
43900, 26.1587955909, 912567.376544, 72.0955737006
43950, 26.1284883346, 913606.633167, 72.1016721385
44000, 26.0983990063, 914645.889838, 72.1077293068
44050, 26.0685257621, 915685.146555, 72.1137455457
44100, 26.0388667757, 916724.403321, 72.1197211922
44150, 26.0094202378, 917763.660134, 72.1256565799
44200, 25.9801843562, 918802.916995, 72.1315520396
44250, 25.9511573556, 919842.173905, 72.1374078987
44300, 25.9223374776, 920881.430864, 72.1432244814
44350, 25.89372298, 921920.687872, 72.149002109
44400, 25.8653121373, 922959.944929, 72.1547410999
44450, 25.8371032402, 923999.202036, 72.1604417691
44500, 25.8090945953, 925038.459193, 72.166104429
44550, 25.7812845251, 926077.716401, 72.1717293888
44600, 25.7536713681, 927116.973659, 72.1773169549
44650, 25.726253478, 928156.230968, 72.1828674309
44700, 25.6990292244, 929195.488328, 72.1883811173
44750, 25.6719969916, 930234.745739, 72.1938583121
44800, 25.6451551796, 931274.003202, 72.1992993101
44850, 25.6185022029, 932313.260717, 72.2047044038
44900, 25.5920364911, 933352.518284, 72.2100738827
44950, 25.5657564883, 934391.775903, 72.2154080335
45000, 25.5396606533, 935431.033575, 72.2207071404
45050, 25.5137474591, 936470.2913, 72.225971485
45100, 25.4880153929, 937509.549077, 72.2312013461
45150, 25.4624629563, 938548.806909, 72.2363969999
45200, 25.4370886645, 939588.064793, 72.2415587203
45250, 25.4118910467, 940627.322731, 72.2466867783
45300, 25.3868686457, 941666.580724, 72.2517814427
45350, 25.3620200178, 942705.83877, 72.2568429795
45400, 25.3373437328, 943745.096871, 72.2618716526
45450, 25.3128383736, 944784.355026, 72.2668677231
45500, 25.2885025365, 945823.613236, 72.27183145
45550, 25.2643348305, 946862.8715, 72.2767630896
45600, 25.2403338776, 947902.12982, 72.2816628962
45650, 25.2164983126, 948941.388196, 72.2865311214
45700, 25.1928267829, 949980.646626, 72.2913680147
45750, 25.1693179482, 951019.905113, 72.2961738232
45800, 25.1459704807, 952059.163655, 72.300948792
45850, 25.122783065, 953098.422253, 72.3056931635
45900, 25.0997543976, 954137.680907, 72.3104071783
45950, 25.0768831869, 955176.939618, 72.3150910746
46000, 25.0541681535, 956216.198385, 72.3197450884
46050, 25.0316080295, 957255.457208, 72.3243694536
46100, 25.0092015587, 958294.716088, 72.3289644021
46150, 24.9869474965, 959333.975026, 72.3335301634
46200, 24.9648446097, 960373.23402, 72.3380669651
46250, 24.9428916762, 961412.493072, 72.3425750328
46300, 24.9210874853, 962451.75218, 72.3470545899
46350, 24.8994308373, 963491.011347, 72.3515058579
46400, 24.8779205435, 964530.270571, 72.3559290561
46450, 24.856555426, 965569.529852, 72.3603244021
46500, 24.8353343176, 966608.789192, 72.3646921113
46550, 24.8142560618, 967648.048589, 72.3690323973
46600, 24.7933195128, 968687.308045, 72.3733454717
46650, 24.7725235348, 969726.567559, 72.3776315442
46700, 24.7518670028, 970765.827131, 72.3818908226
46750, 24.7313488017, 971805.086761, 72.386123513
46800, 24.7109678266, 972844.34645, 72.3903298193
46850, 24.6907229827, 973883.606198, 72.394509944
46900, 24.6706131851, 974922.866005, 72.3986640875
46950, 24.6506373585, 975962.12587, 72.4027924485
47000, 24.6307944378, 977001.385794, 72.4068952239
47050, 24.6110833669, 978040.645777, 72.4109726089
47100, 24.5915030999, 979079.90582, 72.4150247969
47150, 24.5720525998, 980119.165921, 72.4190519795
47200, 24.5527308393, 981158.426082, 72.4230543469
47250, 24.5335368001, 982197.686302, 72.4270320872
47300, 24.5144694732, 983236.946582, 72.4309853872
47350, 24.4955278588, 984276.206921, 72.4349144319
47400, 24.4767109657, 985315.46732, 72.4388194045
47450, 24.458017812, 986354.727779, 72.4427004868
47500, 24.4394474244, 987393.988297, 72.446557859
47550, 24.4209988384, 988433.248875, 72.4503916996
47600, 24.402671098, 989472.509513, 72.4542021855
47650, 24.3844632559, 990511.770211, 72.4579894923
47700, 24.3663743732, 991551.030969, 72.4617537936
47750, 24.3484035194, 992590.291787, 72.465495262
47800, 24.3305497722, 993629.552666, 72.4692140682
47850, 24.3128122178, 994668.813604, 72.4729103815
47900, 24.2951899503, 995708.074603, 72.4765843699
47950, 24.2776820718, 996747.335661, 72.4802361997
48000, 24.2602876927, 997786.596781, 72.4838660358
48050, 24.2430059309, 998825.85796, 72.4874740418
48100, 24.2258359123, 999865.119201, 72.4910603798
48150, 24.2087767708, 1000904.3805, 72.4946252104
48200, 24.1918276476, 1001943.64186, 72.4981686928
48250, 24.1749876916, 1002982.90328, 72.5016909851
48300, 24.1582560593, 1004022.16477, 72.5051922436
48350, 24.1416319147, 1005061.42631, 72.5086726236
48400, 24.125114429, 1006100.68791, 72.512132279
48450, 24.1087027809, 1007139.94958, 72.5155713621
48500, 24.0923961561, 1008179.2113, 72.5189900243
48550, 24.0761937478, 1009218.47309, 72.5223884153
48600, 24.0600947559, 1010257.73493, 72.5257666838
48650, 24.0440983876, 1011296.99684, 72.529124977
48700, 24.0282038571, 1012336.25881, 72.5324634412
48750, 24.0124103852, 1013375.52084, 72.5357822209
48800, 23.9967171997, 1014414.78293, 72.5390814599
48850, 23.9811235354, 1015454.04508, 72.5423613003
48900, 23.9656286333, 1016493.30729, 72.5456218834
48950, 23.9502317414, 1017532.56956, 72.5488633491
49000, 23.9349321141, 1018571.8319, 72.552085836
49050, 23.9197290123, 1019611.09429, 72.5552894817
49100, 23.9046217035, 1020650.35675, 72.5584744226
49150, 23.8896094615, 1021689.61926, 72.5616407938
49200, 23.8746915662, 1022728.88184, 72.5647887294
49250, 23.859867304, 1023768.14448, 72.5679183624
49300, 23.8451359675, 1024807.40718, 72.5710298246
49350, 23.8304968553, 1025846.66994, 72.5741232465
49400, 23.8159492721, 1026885.93276, 72.5771987579
49450, 23.8014925286, 1027925.19564, 72.5802564871
49500, 23.7871259417, 1028964.45858, 72.5832965616
49550, 23.7728488339, 1030003.72159, 72.5863191077
49600, 23.7586605336, 1031042.98465, 72.5893242506
49650, 23.7445603752, 1032082.24778, 72.5923121147
49700, 23.7305476985, 1033121.51097, 72.595282823
49750, 23.7166218493, 1034160.77421, 72.5982364977
49800, 23.7027821788, 1035200.03752, 72.6011732599
49850, 23.6890280439, 1036239.30089, 72.6040932297
49900, 23.675358807, 1037278.56432, 72.6069965262
49950, 23.6617738358, 1038317.82782, 72.6098832675
