T, Cp, H, S
300, 20.7861495, 6235.84485, 11.5262887365
350, 20.7861495, 7275.152325, 11.5262887365
400, 20.7861495, 8314.4598, 11.5262887365
450, 20.7861495, 9353.767275, 11.5262887365
500, 20.7861495, 10393.07475, 11.5262887365
550, 20.7861495, 11432.382225, 11.5262887365
600, 20.7861495, 12471.6897, 11.5262887365
650, 20.7861495, 13510.997175, 11.5262887365
700, 20.7861495, 14550.30465, 11.5262887365
750, 20.7861495, 15589.612125, 11.5262887365
800, 20.7861495, 16628.9196, 11.5262887365
850, 20.7861495, 17668.227075, 11.5262887365
900, 20.7861495, 18707.53455, 11.5262887365
950, 20.7861495, 19746.842025, 11.5262887365
1000, 20.7861495, 20786.1495, 11.5262887365
1050, 20.7861495, 21825.456975, 11.5262887365
1100, 20.7861495, 22864.76445, 11.5262887365
1150, 20.7861495001, 23904.071925, 11.5262887365
1200, 20.7861495002, 24943.3794, 11.5262887365
1250, 20.7861495008, 25982.686875, 11.5262887365
1300, 20.7861495024, 27021.99435, 11.5262887366
1350, 20.7861495066, 28061.301825, 11.5262887367
1400, 20.7861495169, 29100.6093, 11.5262887371
1450, 20.7861495408, 30139.916775, 11.5262887381
1500, 20.7861495926, 31179.22425, 11.5262887402
1550, 20.7861496988, 32218.531725, 11.5262887448
1600, 20.7861499062, 33257.8392, 11.526288754
1650, 20.7861502932, 34297.1466751, 11.5262887719
1700, 20.7861509865, 35336.4541501, 11.5262888049
1750, 20.7861521831, 36375.7616252, 11.5262888637
1800, 20.7861541792, 37415.0691004, 11.526288965
1850, 20.7861574068, 38454.3765758, 11.5262891338
1900, 20.7861624783, 39493.6840513, 11.526289407
1950, 20.7861702402, 40532.9915271, 11.5262898376
2000, 20.7861818351, 41572.2990034, 11.5262904993
2050, 20.786198772, 42611.6064802, 11.5262914932
2100, 20.7862230042, 43650.913958, 11.5262929544
2150, 20.7862570143, 44690.221437, 11.5262950606
2200, 20.7863039034, 45729.5289176, 11.5262980411
2250, 20.7863674846, 46768.8364004, 11.5263021875
2300, 20.7864523775, 47808.1438861, 11.5263078643
2350, 20.7865641025, 48847.4513755, 11.5263155215
2400, 20.7867091729, 49886.7588696, 11.5263257073
2450, 20.7868951818, 50926.0663697, 11.526339081
2500, 20.787130883, 51965.3738771, 11.526356427
2550, 20.7874262639, 53004.6813937, 11.5263786685
2600, 20.7877926075, 54043.9889214, 11.5264068816
2650, 20.7882425442, 55083.2964624, 11.526442308
2700, 20.7887900904, 56122.6040194, 11.5264863693
2750, 20.7894506749, 57161.9115954, 11.5265406786
2800, 20.7902411505, 58201.2191936, 11.5266070527
2850, 20.7911797925, 59240.5268177, 11.5266875228
2900, 20.792286283, 60279.8344719, 11.5267843442
2950, 20.7935816816, 61319.1421607, 11.5269000048
3000, 20.7950883831, 62358.449889, 11.5270372324
3050, 20.7968300626, 63397.7576622, 11.5271990001
3100, 20.798831609, 64437.0654861, 11.5273885311
3150, 20.8011190484, 65476.3733669, 11.5276093013
3200, 20.8037194575, 66515.6813113, 11.5278650405
3250, 20.8066608691, 67554.9893265, 11.5281597326
3300, 20.8099721702, 68594.29742, 11.5284976133
3350, 20.8136829949, 69633.6055997, 11.5288831677
3400, 20.8178236118, 70672.9138741, 11.5293211254
3450, 20.8224248089, 71712.2222519, 11.5298164545
3500, 20.8275177757, 72751.5307424, 11.5303743547
3550, 20.8331339843, 73790.839355, 11.5310002492
3600, 20.839305071, 74830.1480996, 11.5316997749
3650, 20.8460627179, 75869.4569865, 11.5324787725
3700, 20.8534385366, 76908.7660262, 11.5333432748
3750, 20.8614639554, 77948.0752294, 11.534299495
3800, 20.8701701082, 78987.3846073, 11.5353538138
3850, 20.8795877285, 80026.694171, 11.5365127663
3900, 20.8897470475, 81066.003932, 11.537783028
3950, 20.9006776969, 82105.3139021, 11.5391714006
4000, 20.9124086175, 83144.6240931, 11.5406847977
4050, 20.9249679726, 84183.9345168, 11.5423302301
4100, 20.938383068, 85223.2451852, 11.5441147909
4150, 20.9526802774, 86262.5561106, 11.5460456406
4200, 20.9678849736, 87301.867305, 11.5481299924
4250, 20.9840214667, 88341.1787805, 11.5503750976
4300, 21.0011129475, 89380.4905493, 11.5527882307
4350, 21.0191814369, 90419.8026235, 11.5553766755
4400, 21.0382477419, 91459.1150152, 11.5581477108
4450, 21.0583314165, 92498.4277362, 11.5611085966
4500, 21.079450729, 93537.7407984, 11.5642665611
4550, 21.1016226339, 94577.0542135, 11.5676287873
4600, 21.1248627498, 95616.367993, 11.571202401
4650, 21.1491853414, 96655.6821484, 11.5749944581
4700, 21.1746033076, 97694.9966908, 11.5790119337
4750, 21.2011281726, 98734.3116311, 11.5832617106
4800, 21.2287700822, 99773.6269801, 11.5877505687
4850, 21.2575378041, 100812.942748, 11.5924851753
4900, 21.2874387317, 101852.258946, 11.5974720755
4950, 21.3184788913, 102891.575583, 11.602717683
5000, 21.3506629532, 103930.892669, 11.608228272
5050, 21.3839942452, 104970.210213, 11.614009969
5100, 21.4184747691, 106009.528225, 11.6200687459
5150, 21.4541052203, 107048.846713, 11.6264104128
5200, 21.4908850086, 108088.165685, 11.633040612
5250, 21.5288122822, 109127.485149, 11.6399648121
5300, 21.5678839535, 110166.805114, 11.6471883027
5350, 21.6080957259, 111206.125587, 11.6547161897
5400, 21.6494421227, 112245.446574, 11.6625533911
5450, 21.6919165179, 113284.768082, 11.6707046332
5500, 21.7355111668, 114324.090117, 11.679174447
5550, 21.780217239, 115363.412686, 11.6879671655
5600, 21.8260248516, 116402.735793, 11.6970869213
5650, 21.8729231031, 117442.059444, 11.7065376442
5700, 21.9209001084, 118481.383643, 11.71632306
5750, 21.969943034, 119520.708395, 11.7264466886
5800, 22.0200381333, 120560.033704, 11.7369118436
5850, 22.0711707828, 121599.359573, 11.7477216315
5900, 22.1233255179, 122638.686006, 11.7588789512
5950, 22.1764860692, 123678.013006, 11.7703864945
6000, 22.2306353985, 124717.340574, 11.7822467462
6050, 22.2857557349, 125756.668713, 11.7944619847
6100, 22.3418286107, 126795.997425, 11.807034283
6150, 22.398834897, 127835.326711, 11.8199655099
6200, 22.4567548392, 128874.656571, 11.8332573314
6250, 22.5155680919, 129913.987008, 11.8469112122
6300, 22.575253754, 130953.318021, 11.8609284176
6350, 22.6357904022, 131992.649609, 11.8753100158
6400, 22.6971561256, 133031.981774, 11.8900568795
6450, 22.7593285587, 134071.314513, 11.9051696892
6500, 22.8222849137, 135110.647826, 11.9206489349
6550, 22.8860020134, 136149.981712, 11.9364949194
6600, 22.9504563224, 137189.316168, 11.9527077608
6650, 23.0156239781, 138228.651193, 11.9692873959
6700, 23.0814808213, 139267.986785, 11.9862335828
6750, 23.1480024256, 140307.322941, 12.0035459044
6800, 23.2151641264, 141346.659659, 12.0212237719
6850, 23.2829410497, 142385.996934, 12.0392664275
6900, 23.3513081393, 143425.334764, 12.0576729488
6950, 23.4202401842, 144464.673145, 12.0764422518
7000, 23.4897118443, 145504.012073, 12.0955730943
7050, 23.5596976768, 146543.351544, 12.1150640802
7100, 23.6301721602, 147582.691554, 12.1349136629
7150, 23.7011097191, 148622.032098, 12.1551201489
7200, 23.7724847471, 149661.37317, 12.1756817017
7250, 23.8442716302, 150700.714767, 12.196596346
7300, 23.916444768, 151740.056882, 12.2178619709
7350, 23.9889785957, 152779.39951, 12.2394763342
7400, 24.0618476044, 153818.742646, 12.2614370662
7450, 24.1350263609, 154858.086283, 12.2837416734
7500, 24.2084895272, 155897.430416, 12.3063875428
7550, 24.2822118787, 156936.775038, 12.3293719452
7600, 24.3561683223, 157976.120143, 12.3526920394
7650, 24.4303339132, 159015.465724, 12.3763448763
7700, 24.5046838719, 160054.811774, 12.4003274021
7750, 24.5791935995, 161094.158288, 12.4246364627
7800, 24.6538386933, 162133.505257, 12.4492688072
7850, 24.7285949609, 163172.852674, 12.4742210919
7900, 24.8034384343, 164212.200533, 12.4994898836
7950, 24.8783453834, 165251.548825, 12.5250716638
8000, 24.9532923281, 166290.897544, 12.5509628322
8050, 25.0282560509, 167330.246682, 12.5771597103
8100, 25.1032136077, 168369.596231, 12.6036585449
8150, 25.1781423394, 169408.946183, 12.6304555119
8200, 25.2530198815, 170448.296531, 12.6575467195
8250, 25.3278241741, 171487.647266, 12.684928212
8300, 25.4025334711, 172526.998381, 12.712595973
8350, 25.4771263488, 173566.349867, 12.7405459289
8400, 25.5515817137, 174605.701716, 12.7687739519
8450, 25.6258788103, 175645.05392, 12.7972758638
8500, 25.6999972282, 176684.406472, 12.8260474388
8550, 25.7739169084, 177723.759361, 12.8550844066
8600, 25.8476181494, 178763.112581, 12.884382456
8650, 25.921081613, 179802.466123, 12.9139372374
8700, 25.9942883291, 180841.819978, 12.9437443659
8750, 26.0672197005, 181881.174139, 12.9737994246
8800, 26.139857507, 182920.528596, 13.0040979671
8850, 26.2121839094, 183959.883341, 13.0346355205
8900, 26.2841814526, 184999.238366, 13.0654075878
8950, 26.3558330687, 186038.593662, 13.0964096512
9000, 26.4271220794, 187077.94922, 13.1276371741
9050, 26.4980321982, 188117.305033, 13.1590856044
9100, 26.5685475326, 189156.661092, 13.1907503762
9150, 26.6386525845, 190196.017389, 13.2226269128
9200, 26.7083322525, 191235.373914, 13.2547106289
9250, 26.7775718316, 192274.730661, 13.2869969331
9300, 26.8463570142, 193314.087619, 13.31948123
9350, 26.9146738899, 194353.444781, 13.3521589223
9400, 26.9825089454, 195392.802139, 13.3850254134
9450, 27.0498490638, 196432.159685, 13.4180761091
9500, 27.1166815239, 197471.517409, 13.4513064196
9550, 27.182993999, 198510.875305, 13.4847117618
9600, 27.2487745556, 199550.233363, 13.5182875612
9650, 27.3140116517, 200589.591576, 13.5520292533
9700, 27.3786941349, 201628.949935, 13.5859322859
9750, 27.4428112404, 202668.308434, 13.6199921207
9800, 27.5063525886, 203707.667062, 13.6542042348
9850, 27.5693081823, 204747.025814, 13.6885641227
9900, 27.6316684042, 205786.384681, 13.7230672976
9950, 27.693424014, 206825.743655, 13.757709293
10000, 27.7545661448, 207865.102728, 13.7924856642
10050, 27.8150863001, 208904.461893, 13.8273919896
10100, 27.8749763503, 209943.821143, 13.8624238724
10150, 27.9342285289, 210983.180469, 13.8975769415
10200, 27.9928354284, 212022.539865, 13.9328468531
10250, 28.0507899969, 213061.899322, 13.9682292915
10300, 28.1080855333, 214101.258835, 14.0037199709
10350, 28.1647156838, 215140.618395, 14.0393146359
10400, 28.2206744367, 216179.977996, 14.0750090629
10450, 28.2759561185, 217219.33763, 14.1107990612
10500, 28.3305553892, 218258.69729, 14.1466804735
10550, 28.3844672371, 219298.056971, 14.1826491776
10600, 28.437686975, 220337.416664, 14.2187010863
10650, 28.4902102341, 221376.776363, 14.2548321493
10700, 28.5420329601, 222416.136062, 14.2910383533
10750, 28.5931514076, 223455.495753, 14.3273157228
10800, 28.643562135, 224494.855432, 14.3636603211
10850, 28.6932619997, 225534.21509, 14.400068251
10900, 28.7422481526, 226573.574722, 14.436535655
10950, 28.7905180327, 227612.934323, 14.4730587163
11000, 28.8380693624, 228652.293884, 14.5096336593
11050, 28.8849001415, 229691.653402, 14.5462567501
11100, 28.9310086423, 230731.012869, 14.5829242968
11150, 28.9763934038, 231770.372281, 14.6196326502
11200, 29.0210532268, 232809.73163, 14.6563782042
11250, 29.0649871682, 233849.090913, 14.6931573961
11300, 29.1081945354, 234888.450122, 14.7299667067
11350, 29.1506748811, 235927.809253, 14.7668026614
11400, 29.1924279981, 236967.1683, 14.8036618295
11450, 29.2334539133, 238006.527259, 14.8405408253
11500, 29.2737528826, 239045.886123, 14.8774363078
11550, 29.3133253856, 240085.244888, 14.914344981
11600, 29.35217212, 241124.603549, 14.9512635944
11650, 29.3902939964, 242163.962101, 14.9881889428
11700, 29.4276921325, 243203.320539, 15.0251178664
11750, 29.4643678487, 244242.678859, 15.0620472511
11800, 29.5003226617, 245282.037056, 15.0989740286
11850, 29.53555828, 246321.395124, 15.1358951763
11900, 29.5700765985, 247360.753061, 15.1728077172
11950, 29.6038796932, 248400.110862, 15.2097087203
12000, 29.6369698161, 249439.468521, 15.2465953002
12050, 29.6693493902, 250478.826036, 15.2834646173
12100, 29.7010210042, 251518.183402, 15.3203138777
12150, 29.7319874078, 252557.540615, 15.3571403328
12200, 29.7622515065, 253596.897672, 15.3939412798
12250, 29.791816357, 254636.254568, 15.4307140611
12300, 29.8206851619, 255675.611299, 15.4674560644
12350, 29.8488612653, 256714.967863, 15.5041647223
12400, 29.876348148, 257754.324255, 15.5408375125
12450, 29.9031494225, 258793.680473, 15.5774719575
12500, 29.9292688291, 259833.036512, 15.6140656239
12550, 29.9547102304, 260872.392369, 15.6506161232
12600, 29.9794776077, 261911.748042, 15.6871211105
12650, 30.003575056, 262951.103527, 15.723578285
12700, 30.02700678, 263990.458821, 15.7599853895
12750, 30.0497770894, 265029.813922, 15.79634021
12800, 30.0718903953, 266069.168825, 15.8326405757
12850, 30.0933512055, 267108.523529, 15.8688843585
12900, 30.1141641207, 268147.87803, 15.9050694728
12950, 30.1343338302, 269187.232327, 15.9411938752
13000, 30.1538651086, 270226.586416, 15.9772555641
13050, 30.1727628111, 271265.940296, 16.0132525796
13100, 30.1910318704, 272305.293963, 16.0491830027
13150, 30.2086772926, 273344.647415, 16.0850449555
13200, 30.2257041536, 274384.00065, 16.1208366007
13250, 30.2421175958, 275423.353666, 16.1565561408
13300, 30.2579228241, 276462.706461, 16.1922018184
13350, 30.273125103, 277502.059032, 16.2277719154
13400, 30.2877297527, 278541.411378, 16.2632647529
13450, 30.3017421465, 279580.763497, 16.2986786904
13500, 30.3151677068, 280620.115387, 16.3340121259
13550, 30.3280119027, 281659.467046, 16.3692634953
13600, 30.3402802465, 282698.818472, 16.404431272
13650, 30.3519782907, 283738.169664, 16.4395139663
13700, 30.3631116254, 284777.520621, 16.4745101256
13750, 30.3736858749, 285816.87134, 16.5094183332
13800, 30.3837066957, 286856.22182, 16.5442372086
13850, 30.3931797732, 287895.57206, 16.5789654066
13900, 30.4021108191, 288934.922059, 16.6136016172
13950, 30.4105055691, 289974.271815, 16.648144565
14000, 30.4183697804, 291013.621327, 16.6825930089
14050, 30.425709229, 292052.970594, 16.7169457416
14100, 30.4325297076, 293092.319615, 16.7512015892
14150, 30.4388370232, 294131.668388, 16.7853594108
14200, 30.4446369949, 295171.016914, 16.8194180981
14250, 30.4499354519, 296210.36519, 16.853376575
14300, 30.4547382312, 297249.713216, 16.887233797
14350, 30.4590511758, 298289.060991, 16.9209887511
14400, 30.4628801324, 299328.408515, 16.954640455
14450, 30.4662309499, 300367.755787, 16.9881879572
14500, 30.4691094777, 301407.102805, 17.0216303358
14550, 30.4715215633, 302446.44957, 17.0549666991
14600, 30.4734730511, 303485.796081, 17.0881961841
14650, 30.474969781, 304525.142337, 17.121317957
14700, 30.4760175861, 305564.488338, 17.1543312123
14750, 30.4766222919, 306603.834083, 17.1872351725
14800, 30.4767897145, 307643.179572, 17.2200290875
14850, 30.4765256593, 308682.524805, 17.2527122348
14900, 30.4758359197, 309721.869781, 17.2852839183
14950, 30.4747262758, 310761.214501, 17.3177434684
15000, 30.4732024933, 311800.558963, 17.3500902417
15050, 30.4712703223, 312839.903168, 17.3823236199
15100, 30.4689354961, 313879.247116, 17.4144430105
15150, 30.4662037302, 314918.590807, 17.4464478453
15200, 30.4630807216, 315957.934239, 17.4783375807
15250, 30.4595721475, 316997.277415, 17.5101116972
15300, 30.4556836647, 318036.620332, 17.541769699
15350, 30.4514209087, 319075.962993, 17.5733111133
15400, 30.4467894928, 320115.305396, 17.6047354904
15450, 30.4417950077, 321154.647541, 17.6360424031
15500, 30.4364430205, 322193.98943, 17.6672314464
15550, 30.4307390743, 323233.331062, 17.6983022371
15600, 30.4246886877, 324272.672437, 17.7292544135
15650, 30.4182973542, 325312.013556, 17.7600876347
15700, 30.4115705416, 326351.354418, 17.7908015809
15750, 30.4045136918, 327390.695025, 17.8213959525
15800, 30.3971322205, 328430.035377, 17.85187047
15850, 30.3894315166, 329469.375474, 17.8822248737
15900, 30.3814169422, 330508.715316, 17.9124589232
15950, 30.3730938322, 331548.054903, 17.942572397
16000, 30.3644674943, 332587.394238, 17.9725650928
16050, 30.3555432086, 333626.733319, 18.0024368261
16100, 30.3463262279, 334666.072147, 18.0321874311
16150, 30.3368217774, 335705.410723, 18.0618167593
16200, 30.3270350545, 336744.749048, 18.09132468
16250, 30.3169712294, 337784.087122, 18.1207110796
16300, 30.3066354448, 338823.424945, 18.1499758612
16350, 30.2960328159, 339862.762519, 18.1791189448
16400, 30.2851684309, 340902.099844, 18.2081402666
16450, 30.2740473512, 341941.43692, 18.2370397787
16500, 30.2626746113, 342980.773749, 18.2658174491
16550, 30.2510552194, 344020.110332, 18.2944732612
16600, 30.2391941577, 345059.446668, 18.3230072138
16650, 30.2270963826, 346098.782758, 18.3514193204
16700, 30.2147668252, 347138.118605, 18.3797096093
16750, 30.2022103918, 348177.454207, 18.4078781234
16800, 30.1894319643, 349216.789567, 18.4359249196
16850, 30.1764364006, 350256.124685, 18.4638500688
16900, 30.1632285356, 351295.459562, 18.4916536557
16950, 30.149813181, 352334.794198, 18.5193357785
17000, 30.1361951267, 353374.128596, 18.5468965486
17050, 30.1223791412, 354413.462755, 18.5743360906
17100, 30.108369972, 355452.796676, 18.6016545416
17150, 30.0941723465, 356492.130361, 18.6288520518
17200, 30.0797909731, 357531.463811, 18.6559287835
17250, 30.0652305416, 358570.797026, 18.6828849113
17300, 30.0504957238, 359610.130007, 18.7097206219
17350, 30.0355911751, 360649.462757, 18.7364361137
17400, 30.0205215346, 361688.795275, 18.7630315969
17450, 30.0052914267, 362728.127562, 18.7895072931
17500, 29.9899054615, 363767.45962, 18.8158634353
17550, 29.974368236, 364806.79145, 18.8421002675
17600, 29.9586843352, 365846.123053, 18.8682180448
17650, 29.9428583329, 366885.45443, 18.8942170331
17700, 29.9268947932, 367924.785583, 18.9200975089
17750, 29.910798271, 368964.116511, 18.9458597593
17800, 29.8945733135, 370003.447217, 18.9715040817
17850, 29.8782244616, 371042.777701, 18.9970307839
17900, 29.8617562503, 372082.107966, 19.0224401835
17950, 29.8451732107, 373121.438011, 19.0477326085
18000, 29.8284798709, 374160.767839, 19.0729083964
18050, 29.8116807572, 375200.097449, 19.0979678946
18100, 29.7947803954, 376239.426845, 19.1229114602
18150, 29.7777833125, 377278.756026, 19.1477394598
18200, 29.7606940375, 378318.084994, 19.1724522693
18250, 29.743517103, 379357.413751, 19.197050274
18300, 29.7262570467, 380396.742298, 19.2215338687
18350, 29.7089184126, 381436.070635, 19.2459034568
18400, 29.6915057529, 382475.398764, 19.2701594514
18450, 29.6740236286, 383514.726687, 19.2943022742
18500, 29.656476612, 384554.054405, 19.318332356
18550, 29.6388692875, 385593.381919, 19.3422501364
18600, 29.6212062534, 386632.70923, 19.3660560637
18650, 29.6034921234, 387672.03634, 19.3897505953
18700, 29.5857315283, 388711.36325, 19.413334197
18750, 29.5679291175, 389750.689962, 19.4368073433
18800, 29.5500895607, 390790.016477, 19.4601705175
18850, 29.5322175492, 391829.342795, 19.4834242111
18900, 29.5143177983, 392868.66892, 19.5065689246
18950, 29.4963950481, 393907.994851, 19.5296051668
19000, 29.478454066, 394947.320592, 19.552533455
19050, 29.4604996479, 395986.646142, 19.5753543149
19100, 29.4425366201, 397025.971503, 19.5980682809
19150, 29.4245698412, 398065.296677, 19.6206758958
19200, 29.4066042035, 399104.621665, 19.6431777107
19250, 29.3886446356, 400143.946469, 19.6655742853
19300, 29.370696103, 401183.271091, 19.6878661879
19350, 29.3527636112, 402222.59553, 19.710053995
19400, 29.3348522066, 403261.919791, 19.7321382919
19450, 29.316966979, 404301.243872, 19.7541196722
19500, 29.299113063, 405340.567777, 19.7759987382
19550, 29.2812956402, 406379.891507, 19.7977761007
19600, 29.2635199411, 407419.215063, 19.8194523791
19650, 29.245791247, 408458.538447, 19.8410282015
19700, 29.2281148917, 409497.86166, 19.8625042047
19750, 29.2104962639, 410537.184704, 19.8838810343
19800, 29.1929408087, 411576.50758, 19.9051593446
19850, 29.1754540301, 412615.830291, 19.9263397988
19900, 29.1580414925, 413655.152838, 19.947423069
19950, 29.140708823, 414694.475222, 19.9684098364
20000, 29.1234617133, 415733.797445, 19.989300791
20050, 29.1063059218, 416773.119508, 20.0100966321
20100, 29.0892472757, 417812.441414, 20.0307980682
20150, 29.0722916728, 418851.763164, 20.051405817
20200, 29.0554450838, 419891.084759, 20.0719206058
20250, 29.0387135543, 420930.406202, 20.092343171
20300, 29.0221032068, 421969.727494, 20.1126742588
20350, 29.0056202431, 423009.048637, 20.1329146251
20400, 28.9892709458, 424048.369632, 20.1530650353
20450, 28.9730616809, 425087.690482, 20.1731262648
20500, 28.9569988998, 426127.011187, 20.1930990991
20550, 28.9410891414, 427166.33175, 20.2129843336
20600, 28.9253390341, 428205.652173, 20.232782774
20650, 28.9097552979, 429244.972458, 20.2524952362
20700, 28.8943447469, 430284.292606, 20.2721225466
20750, 28.879114291, 431323.612618, 20.2916655423
20800, 28.8640709382, 432362.932498, 20.3111250709
20850, 28.8492217969, 433402.252247, 20.330501991
20900, 28.8345740776, 434441.571866, 20.3497971722
20950, 28.8201350957, 435480.891358, 20.369011495
21000, 28.8059122729, 436520.210724, 20.3881458513
21050, 28.7919131399, 437559.529967, 20.4072011445
21100, 28.7781453384, 438598.849088, 20.4261782895
21150, 28.7646166231, 439638.16809, 20.4450782129
21200, 28.7513348639, 440677.486974, 20.4639018531
21250, 28.7383080482, 441716.805742, 20.4826501608
21300, 28.7255442829, 442756.124397, 20.5013240987
21350, 28.7130517965, 443795.442941, 20.5199246419
21400, 28.7008389413, 444834.761375, 20.538452778
21450, 28.6889141954, 445874.079701, 20.5569095076
21500, 28.6772861652, 446913.397923, 20.5752958438
21550, 28.665963587, 447952.716041, 20.5936128131
21600, 28.6549553294, 448992.034058, 20.6118614552
21650, 28.6442703954, 450031.351976, 20.630042823
21700, 28.6339179245, 451070.669798, 20.6481579835
21750, 28.6239071947, 452109.987526, 20.666208017
21800, 28.6142476246, 453149.305161, 20.6841940182
21850, 28.6049487754, 454188.622707, 20.702117096
21900, 28.5960203533, 455227.940164, 20.7199783734
21950, 28.587472211, 456267.257537, 20.7377789885
22000, 28.5793143503, 457306.574826, 20.7555200937
22050, 28.5715569237, 458345.892035, 20.7732028568
22100, 28.5642102366, 459385.209166, 20.7908284607
22150, 28.5572847493, 460424.526221, 20.8083981038
22200, 28.5507910789, 461463.843203, 20.8259130001
22250, 28.5447400013, 462503.160113, 20.8433743794
22300, 28.5391424533, 463542.476955, 20.8607834878
22350, 28.5340095344, 464581.793732, 20.8781415875
22400, 28.5293525084, 465621.110445, 20.8954499572
22450, 28.5251828062, 466660.427097, 20.9127098927
22500, 28.5215120265, 467699.743691, 20.9299227063
22550, 28.5183519389, 468739.060229, 20.9470897278
22600, 28.5157144845, 469778.376714, 20.9642123044
22650, 28.5136117789, 470817.693149, 20.9812918007
22700, 28.512056113, 471857.009537, 20.9983295995
22750, 28.5110599555, 472896.32588, 21.0153271016
22800, 28.5106359542, 473935.64218, 21.032285726
22850, 28.510796938, 474974.958442, 21.0492069105
22900, 28.5115559186, 476014.274667, 21.0660921115
22950, 28.5129260918, 477053.590859, 21.0829428047
23000, 28.5149208396, 478092.90702, 21.0997604849
23050, 28.5175537318, 479132.223153, 21.1165466664
23100, 28.5208385273, 480171.539262, 21.1333028835
23150, 28.5247891758, 481210.855349, 21.1500306901
23200, 28.5294198195, 482250.171418, 21.1667316608
23250, 28.5347447943, 483289.487471, 21.1834073904
23300, 28.5407786316, 484328.803511, 21.2000594944
23350, 28.5475360594, 485368.119542, 21.2166896095
23400, 28.5550320042, 486407.435567, 21.2332993934
23450, 28.5632815917, 487446.75159, 21.2498905254
23500, 28.5723001488, 488486.067612, 21.2664647064
23550, 28.5821032045, 489525.383638, 21.2830236594
23600, 28.5927064912, 490564.699671, 21.2995691292
23650, 28.6041259461, 491604.015715, 21.3161028836
23700, 28.6163777122, 492643.331772, 21.3326267126
23750, 28.6294781397, 493682.647847, 21.3491424294
23800, 28.6434437866, 494721.963942, 21.3656518702
23850, 28.6582914206, 495761.280062, 21.3821568948
23900, 28.6740380191, 496800.596209, 21.3986593863
23950, 28.690700771, 497839.912388, 21.4151612522
24000, 28.7082970774, 498879.228602, 21.4316644236
24050, 28.7268445521, 499918.544855, 21.4481708564
24100, 28.7463610231, 500957.86115, 21.4646825309
24150, 28.7668645328, 501997.177491, 21.4812014523
24200, 28.788373339, 503036.493883, 21.4977296509
24250, 28.8109059158, 504075.810329, 21.5142691824
24300, 28.8344809538, 505115.126833, 21.530822128
24350, 28.8591173609, 506154.443398, 21.5473905947
24400, 28.8848342629, 507193.76003, 21.5639767155
24450, 28.9116510039, 508233.076731, 21.5805826499
24500, 28.9395871468, 509272.393507, 21.5972105836
24550, 28.9686624735, 510311.710361, 21.6138627292
24600, 28.9988969853, 511351.027297, 21.6305413263
24650, 29.0303109032, 512390.34432, 21.6472486417
24700, 29.062924668, 513429.661434, 21.6639869695
24750, 29.0967589407, 514468.978643, 21.6807586315
24800, 29.1318346019, 515508.295952, 21.6975659773
24850, 29.1681727526, 516547.613365, 21.7144113848
24900, 29.2057947136, 517586.930886, 21.73129726
24950, 29.2447220256, 518626.248521, 21.7482260373
25000, 29.2849764488, 519665.566273, 21.7652001801
25050, 29.3265799629, 520704.884148, 21.7822221807
25100, 29.3695547666, 521744.20215, 21.7992945603
25150, 29.4139232772, 522783.520283, 21.8164198696
25200, 29.4597081301, 523822.838553, 21.8336006888
25250, 29.5069321784, 524862.156965, 21.850839628
25300, 29.5556184919, 525901.475523, 21.868139327
25350, 29.6057903568, 526940.794232, 21.8855024558
25400, 29.6574712747, 527980.113097, 21.9029317148
25450, 29.7106849619, 529019.432124, 21.9204298349
25500, 29.7654553481, 530058.751317, 21.9379995774
25550, 29.8218065757, 531098.070681, 21.9556437349
25600, 29.8797629987, 532137.390223, 21.9733651307
25650, 29.9393491812, 533176.709947, 21.9911666194
25700, 30.0005898964, 534216.029858, 22.0090510869
25750, 30.0635101252, 535255.349961, 22.0270214508
25800, 30.1281350545, 536294.670263, 22.0450806602
25850, 30.1944900759, 537333.990769, 22.0632316962
25900, 30.262600784, 538373.311484, 22.0814775716
25950, 30.3324929747, 539412.632414, 22.0998213316
26000, 30.4041926432, 540451.953564, 22.1182660535
26050, 30.4777259822, 541491.274941, 22.1368148472
26100, 30.5531193799, 542530.596549, 22.1554708549
26150, 30.6303994177, 543569.918396, 22.1742372515
26200, 30.7095928684, 544609.240486, 22.1931172447
26250, 30.7907266934, 545648.562826, 22.2121140752
26300, 30.8738280402, 546687.885422, 22.2312310165
26350, 30.9589242407, 547727.208279, 22.2504713751
26400, 31.0460428074, 548766.531405, 22.269838491
26450, 31.1352114315, 549805.854804, 22.2893357373
26500, 31.2264579797, 550845.178484, 22.3089665203
26550, 31.3198104915, 551884.50245, 22.32873428
26600, 31.4152971755, 552923.826709, 22.3486424897
26650, 31.512946407, 553963.151268, 22.3686946563
26700, 31.612786724, 555002.476132, 22.3888943205
26750, 31.7148468242, 556041.801309, 22.4092450564
26800, 31.8191555614, 557081.126805, 22.429750472
26850, 31.9257419415, 558120.452626, 22.450414209
26900, 32.0346351193, 559159.77878, 22.4712399428
26950, 32.145864394, 560199.105273, 22.4922313828
27000, 32.2594592053, 561238.432112, 22.5133922718
27050, 32.3754491297, 562277.759303, 22.534726387
27100, 32.4938638754, 563317.086854, 22.556237539
27150, 32.6147332788, 564356.414772, 22.5779295722
27200, 32.738087299, 565395.743064, 22.5998063651
27250, 32.863956014, 566435.071736, 22.6218718296
27300, 32.9923696151, 567474.400797, 22.6441299117
27350, 33.1233584025, 568513.730253, 22.6665845907
27400, 33.2569527801, 569553.060111, 22.6892398799
27450, 33.39318325, 570592.39038, 22.7120998258
27500, 33.5320804075, 571631.721065, 22.7351685087
27550, 33.6736749353, 572671.052176, 22.7584500422
27600, 33.817997598, 573710.383719, 22.7819485733
27650, 33.9650792363, 574749.715702, 22.8056682821
27700, 34.1149507611, 575789.048132, 22.8296133819
27750, 34.2676431472, 576828.381017, 22.8537881191
27800, 34.4231874274, 577867.714366, 22.8781967729
27850, 34.5816146859, 578907.048185, 22.9028436552
27900, 34.7429560517, 579946.382483, 22.9277331105
27950, 34.9072426924, 580985.717267, 22.9528695158
28000, 35.0745058065, 582025.052546, 22.9782572804
28050, 35.2447766174, 583064.388328, 23.0039008455
28100, 35.4180863656, 584103.72462, 23.0298046844
28150, 35.5944663016, 585143.061431, 23.0559733021
28200, 35.7739476786, 586182.398769, 23.0824112348
28250, 35.9565617445, 587221.736641, 23.1091230503
28300, 36.1423397347, 588261.075058, 23.1361133472
28350, 36.3313128636, 589300.414026, 23.1633867549
28400, 36.5235123172, 590339.753554, 23.1909479333
28450, 36.718969244, 591379.093651, 23.2188015726
28500, 36.9177147474, 592418.434325, 23.246952393
28550, 37.1197798766, 593457.775585, 23.2754051441
28600, 37.3251956183, 594497.117439, 23.3041646052
28650, 37.5339928873, 595536.459896, 23.3332355842
28700, 37.7462025181, 596575.802964, 23.3626229181
28750, 37.961855255, 597615.146653, 23.392331472
28800, 38.1809817434, 598654.490971, 23.422366139
28850, 38.4036125195, 599693.835926, 23.4527318399
28900, 38.6297780015, 600733.181529, 23.4834335225
28950, 38.859508479, 601772.527787, 23.5144761617
29000, 39.0928341033, 602811.874709, 23.5458647586
29050, 39.3297848769, 603851.222306, 23.5776043404
29100, 39.5703906439, 604890.570585, 23.6096999595
29150, 39.8146810784, 605929.919556, 23.6421566939
29200, 40.0626856747, 606969.269227, 23.6749796458
29250, 40.3144337362, 608008.619609, 23.7081739415
29300, 40.569954364, 609047.97071, 23.7417447312
29350, 40.8292764463, 610087.322539, 23.775697188
29400, 41.0924286468, 611126.675106, 23.8100365075
29450, 41.3594393932, 612166.02842, 23.8447679076
29500, 41.6303368655, 613205.38249, 23.8798966272
29550, 41.9051489844, 614244.737326, 23.9154279266
29600, 42.1839033993, 615284.092937, 23.951367086
29650, 42.4666274759, 616323.449332, 23.9877194056
29700, 42.7533482841, 617362.806522, 24.0244902044
29750, 43.0440925859, 618402.164514, 24.0616848201
29800, 43.3388868222, 619441.52332, 24.0993086079
29850, 43.6377571006, 620480.882948, 24.1373669403
29900, 43.9407291822, 621520.243408, 24.1758652062
29950, 44.2478284689, 622559.60471, 24.2148088102
30000, 44.5590799899, 623598.966863, 24.254203172
30050, 44.8745083886, 624638.329877, 24.2940537254
30100, 45.1941379091, 625677.693761, 24.334365918
30150, 45.5179923828, 626717.058525, 24.37514521
30200, 45.8460952143, 627756.424179, 24.4163970737
30250, 46.178469368, 628795.790732, 24.4581269923
30300, 46.5151373538, 629835.158194, 24.5003404599
30350, 46.8561212134, 630874.526575, 24.5430429796
30400, 47.2014425056, 631913.895884, 24.5862400637
30450, 47.5511222925, 632953.266132, 24.629937232
30500, 47.9051811246, 633992.637327, 24.6741400115
30550, 48.2636390267, 635032.00948, 24.7188539351
30600, 48.6265154827, 636071.3826, 24.7640845409
30650, 48.9938294214, 637110.756697, 24.8098373713
30700, 49.3655992016, 638150.131781, 24.856117972
30750, 49.7418425967, 639189.507862, 24.902931891
30800, 50.1225767801, 640228.884948, 24.9502846775
30850, 50.5078183101, 641268.26305, 24.9981818813
30900, 50.8975831144, 642307.642178, 25.0466290515
30950, 51.2918864753, 643347.022341, 25.0956317353
31000, 51.690743014, 644386.403548, 25.1451954774
31050, 52.0941666754, 645425.785811, 25.1953258187
31100, 52.5021707127, 646465.169137, 25.246028295
31150, 52.9147676719, 647504.553537, 25.2973084365
31200, 53.331969376, 648543.93902, 25.3491717661
31250, 53.75378691, 649583.325596, 25.4016237985
31300, 54.1802306048, 650622.713274, 25.4546700393
31350, 54.611310022, 651662.102064, 25.5083159833
31400, 55.047033938, 652701.491975, 25.5625671138
31450, 55.4874103284, 653740.883017, 25.6174289014
31500, 55.9324463524, 654780.2752, 25.6729068025
31550, 56.3821483374, 655819.668531, 25.729006258
31600, 56.8365217631, 656859.063022, 25.7857326929
31650, 57.2955712459, 657898.45868, 25.8430915138
31700, 57.7593005237, 658937.855516, 25.9010881087
31750, 58.2277124398, 659977.253539, 25.9597278453
31800, 58.7008089282, 661016.652756, 26.0190160695
31850, 59.1785909974, 662056.053179, 26.0789581045
31900, 59.6610587156, 663095.454816, 26.1395592492
31950, 60.1482111953, 664134.857675, 26.2008247771
32000, 60.6400465779, 665174.261765, 26.2627599346
32050, 61.1365620189, 666213.667096, 26.32536994
32100, 61.6377536727, 667253.073677, 26.3886599821
32150, 62.1436166778, 668292.481515, 26.4526352184
32200, 62.654145142, 669331.89062, 26.5173007741
32250, 63.1693321278, 670371.301, 26.5826617409
32300, 63.6891696381, 671410.712663, 26.6487231749
32350, 64.2136486013, 672450.125619, 26.7154900956
32400, 64.742758858, 673489.539875, 26.7829674845
32450, 65.2764891461, 674528.955439, 26.8511602835
32500, 65.8148270876, 675568.372321, 26.9200733936
32550, 66.3577591748, 676607.790527, 26.989711673
32600, 66.9052707568, 677647.210066, 27.0600799361
32650, 67.4573460265, 678686.630945, 27.131182952
32700, 68.0139680073, 679726.053173, 27.2030254425
32750, 68.575118541, 680765.476757, 27.2756120811
32800, 69.1407782746, 681804.901705, 27.3489474913
32850, 69.7109266485, 682844.328024, 27.4230362451
32900, 70.2855418847, 683883.755722, 27.4978828612
32950, 70.8646009747, 684923.184805, 27.5734918041
33000, 71.4480796687, 685962.615282, 27.6498674819
33050, 72.0359524639, 687002.047158, 27.727014245
33100, 72.6281925946, 688041.480441, 27.8049363847
33150, 73.2247720212, 689080.915138, 27.8836381316
33200, 73.8256614204, 690120.351254, 27.9631236535
33250, 74.4308301755, 691159.788798, 28.0433970548
33300, 75.0402463673, 692199.227775, 28.1244623742
33350, 75.6538767646, 693238.668191, 28.2063235832
33400, 76.2716868166, 694278.110052, 28.2889845849
33450, 76.893640644, 695317.553365, 28.3724492122
33500, 77.5197010316, 696356.998136, 28.456721226
33550, 78.1498294212, 697396.444369, 28.5418043142
33600, 78.7839859044, 698435.89207, 28.6277020896
33650, 79.4221292168, 699475.341245, 28.7144180884
33700, 80.0642167315, 700514.7919, 28.8019557692
33750, 80.7102044543, 701554.244038, 28.8903185106
33800, 81.3600470181, 702593.697665, 28.9795096101
33850, 82.0136976792, 703633.152786, 29.0695322828
33900, 82.6711083129, 704672.609405, 29.1603896592
33950, 83.3322294105, 705712.067527, 29.2520847842
34000, 83.9970100758, 706751.527155, 29.3446206154
34050, 84.6653980239, 707790.988294, 29.4380000213
34100, 85.3373395784, 708830.450948, 29.5322257804
34150, 86.012779671, 709869.915121, 29.627300579
34200, 86.6916618403, 710909.380815, 29.7232270102
34250, 87.3739282325, 711948.848034, 29.8200075722
34300, 88.0595196015, 712988.316782, 29.9176446668
34350, 88.7483753102, 714027.78706, 30.0161405981
34400, 89.4404333326, 715067.258873, 30.1154975708
34450, 90.135630256, 716106.732222, 30.215717689
34500, 90.8339012843, 717146.20711, 30.3168029546
34550, 91.5351802418, 718185.683538, 30.4187552661
34600, 92.2393995772, 719225.161509, 30.5215764169
34650, 92.9464903693, 720264.641025, 30.6252680941
34700, 93.6563823323, 721304.122087, 30.7298318773
34750, 94.3690038224, 722343.604696, 30.8352692369
34800, 95.0842818449, 723383.088854, 30.9415815332
34850, 95.802142062, 724422.57456, 31.0487700147
34900, 96.5225088013, 725462.061817, 31.156835817
34950, 97.245305065, 726501.550623, 31.2657799615
35000, 97.97045254, 727541.040981, 31.3756033545
35050, 98.6978716082, 728580.532888, 31.4863067853
35100, 99.427481358, 729620.026346, 31.5978909255
35150, 100.159199596, 730659.521353, 31.7103563281
35200, 100.892942862, 731699.017909, 31.8237034254
35250, 101.628626439, 732738.516013, 31.9379325291
35300, 102.366164368, 733778.015664, 32.0530438281
35350, 103.105469468, 734817.51686, 32.1690373883
35400, 103.846453344, 735857.019599, 32.2859131512
35450, 104.589026411, 736896.52388, 32.4036709327
35500, 105.333097904, 737936.029701, 32.5223104227
35550, 106.078575902, 738975.537059, 32.6418311836
35600, 106.825367343, 740015.045951, 32.7622326498
35650, 107.573378046, 741054.556375, 32.8835141266
35700, 108.322512728, 742094.068327, 33.0056747896
35750, 109.072675027, 743133.581804, 33.1287136834
35800, 109.823767525, 744173.096803, 33.2526297216
35850, 110.575691766, 745212.613319, 33.3774216853
35900, 111.328348283, 746252.131348, 33.5030882231
35950, 112.08163662, 747291.650886, 33.6296278498
36000, 112.835455357, 748331.171928, 33.7570389464
36050, 113.589702135, 749370.69447, 33.885319759
36100, 114.344273681, 750410.218505, 34.0144683985
36150, 115.099065836, 751449.744029, 34.1444828403
36200, 115.853973581, 752489.271036, 34.2753609234
36250, 116.608891066, 753528.79952, 34.4071003502
36300, 117.363711638, 754568.329474, 34.5396986864
36350, 118.118327869, 755607.860893, 34.6731533603
36400, 118.872631588, 756647.39377, 34.8074616624
36450, 119.626513911, 757686.928096, 34.9426207456
36500, 120.379865271, 758726.463866, 35.0786276248
36550, 121.132575449, 759766.001072, 35.2154791767
36600, 121.884533609, 760805.539706, 35.3531721396
36650, 122.63562833, 761845.079759, 35.4917031135
36700, 123.385747636, 762884.621224, 35.6310685601
36750, 124.134779035, 763924.164092, 35.7712648026
36800, 124.88260955, 764963.708354, 35.912288026
36850, 125.629125758, 766003.254001, 36.0541342772
36900, 126.374213818, 767042.801024, 36.196799465
36950, 127.117759516, 768082.349413, 36.3402793604
37000, 127.859648295, 769121.899159, 36.4845695969
37050, 128.599765294, 770161.45025, 36.6296656709
37100, 129.337995387, 771201.002677, 36.7755629417
37150, 130.074223217, 772240.55643, 36.9222566323
37200, 130.808333238, 773280.111496, 37.0697418298
37250, 131.54020975, 774319.667866, 37.2180134854
37300, 132.26973694, 775359.225527, 37.3670664157
37350, 132.996798923, 776398.784469, 37.5168953029
37400, 133.721279775, 777438.344678, 37.6674946953
37450, 134.44306358, 778477.906144, 37.8188590082
37500, 135.162034465, 779517.468854, 37.9709825249
37550, 135.878076642, 780557.032794, 38.1238593968
37600, 136.59107445, 781596.597953, 38.277483645
37650, 137.300912391, 782636.164317, 38.4318491607
37700, 138.007475177, 783675.731873, 38.5869497062
37750, 138.710647766, 784715.300608, 38.742778916
37800, 139.410315402, 785754.870506, 38.8993302979
37850, 140.106363664, 786794.441555, 39.0565972339
37900, 140.798678496, 787834.013741, 39.2145729813
37950, 141.487146258, 788873.587048, 39.3732506741
38000, 142.171653762, 789913.161462, 39.532623324
38050, 142.852088312, 790952.736968, 39.6926838218
38100, 143.528337749, 791992.313551, 39.8534249388
38150, 144.200290492, 793031.891195, 40.0148393276
38200, 144.867835573, 794071.469886, 40.1769195245
38250, 145.530862686, 795111.049607, 40.3396579498
38300, 146.189262221, 796150.630342, 40.5030469103
38350, 146.842925309, 797190.212076, 40.6670786001
38400, 147.491743858, 798229.794791, 40.8317451027
38450, 148.135610597, 799269.378471, 40.9970383921
38500, 148.774419114, 800308.9631, 41.162950335
38550, 149.408063895, 801348.54866, 41.3294726921
38600, 150.036440365, 802388.135135, 41.4965971201
38650, 150.659444923, 803427.722506, 41.6643151731
38700, 151.276974986, 804467.310757, 41.832618305
38750, 151.888929022, 805506.89987, 42.0014978708
38800, 152.49520659, 806546.489827, 42.1709451288
38850, 153.095708379, 807586.08061, 42.3409512424
38900, 153.69033624, 808625.672201, 42.5115072821
38950, 154.278993227, 809665.264582, 42.6826042277
39000, 154.861583629, 810704.857733, 42.8542329698
39050, 155.438013008, 811744.451638, 43.0263843125
39100, 156.008188232, 812784.046275, 43.199048975
39150, 156.57201751, 813823.641628, 43.372217594
39200, 157.129410426, 814863.237676, 43.5458807258
39250, 157.68027797, 815902.834401, 43.7200288484
39300, 158.224532569, 816942.431783, 43.8946523636
39350, 158.762088124, 817982.029804, 44.0697415998
39400, 159.292860036, 819021.628442, 44.2452868135
39450, 159.816765237, 820061.227679, 44.4212781921
39500, 160.333722219, 821100.827495, 44.597705856
39550, 160.843651066, 822140.42787, 44.774559861
39600, 161.346473477, 823180.028785, 44.9518302008
39650, 161.842112796, 824219.630218, 45.1295068089
39700, 162.330494037, 825259.23215, 45.3075795616
39750, 162.81154391, 826298.834561, 45.4860382799
39800, 163.285190848, 827338.43743, 45.6648727322
39850, 163.751365023, 828378.040737, 45.8440726368
39900, 164.209998379, 829417.644462, 46.0236276641
39950, 164.661024645, 830457.248583, 46.2035274391
40000, 165.104379365, 831496.853081, 46.3837615442
40050, 165.539999908, 832536.457935, 46.5643195213
40100, 165.967825495, 833576.063123, 46.7451908745
40150, 166.387797216, 834615.668626, 46.9263650725
40200, 166.799858044, 835655.274423, 47.1078315514
40250, 167.203952854, 836694.880492, 47.2895797167
40300, 167.600028441, 837734.486813, 47.4715989463
40350, 167.988033527, 838774.093365, 47.6538785928
40400, 168.367918784, 839813.700127, 47.8364079859
40450, 168.739636838, 840853.307079, 48.0191764353
40500, 169.103142287, 841892.914198, 48.202173233
40550, 169.458391708, 842932.521465, 48.3853876556
40600, 169.805343668, 843972.128858, 48.5688089674
40650, 170.143958732, 845011.736357, 48.7524264224
40700, 170.474199472, 846051.34394, 48.9362292668
40750, 170.796030472, 847090.951587, 49.1202067421
40800, 171.109418335, 848130.559276, 49.3043480868
40850, 171.414331687, 849170.166988, 49.4886425396
40900, 171.710741179, 850209.7747, 49.6730793412
40950, 171.998619495, 851249.382393, 49.8576477375
41000, 172.277941347, 852288.990045, 50.0423369813
41050, 172.548683481, 853328.597636, 50.2271363355
41100, 172.810824674, 854368.205145, 50.4120350747
41150, 173.064345734, 855407.812552, 50.5970224885
41200, 173.309229498, 856447.419835, 50.7820878832
41250, 173.545460828, 857487.026975, 50.9672205844
41300, 173.773026607, 858526.633951, 51.1524099394
41350, 173.991915734, 859566.240742, 51.3376453196
41400, 174.20211912, 860605.847328, 51.5229161227
41450, 174.403629679, 861645.45369, 51.7082117749
41500, 174.596442321, 862685.059806, 51.8935217336
41550, 174.780553941, 863724.665657, 52.0788354891
41600, 174.955963417, 864764.271223, 52.2641425671
41650, 175.122671589, 865803.876484, 52.4494325309
41700, 175.280681256, 866843.48142, 52.6346949836
41750, 175.42999716, 867883.086012, 52.8199195702
41800, 175.570625976, 868922.69024, 53.0050959797
41850, 175.702576294, 869962.294085, 53.1902139471
41900, 175.825858608, 871001.897526, 53.3752632557
41950, 175.940485298, 872041.500546, 53.5602337389
42000, 176.046470619, 873081.103125, 53.7451152824
42050, 176.143830676, 874120.705243, 53.929897826
42100, 176.232583414, 875160.306883, 54.1145713655
42150, 176.312748595, 876199.908025, 54.2991259549
42200, 176.384347782, 877239.508652, 54.483551708
42250, 176.447404317, 878279.108743, 54.6678388002
42300, 176.501943301, 879318.708282, 54.8519774706
42350, 176.547991575, 880358.30725, 55.0359580234
42400, 176.585577696, 881397.905629, 55.2197708298
42450, 176.614731916, 882437.503402, 55.4034063299
42500, 176.635486157, 883477.10055, 55.586855034
42550, 176.647873993, 884516.697056, 55.7701075244
42600, 176.651930619, 885556.292904, 55.9531544569
42650, 176.647692833, 886595.888074, 56.1359865627
42700, 176.635199006, 887635.482552, 56.3185946492
42750, 176.614489059, 888675.076319, 56.5009696022
42800, 176.585604438, 889714.669359, 56.6831023868
42850, 176.548588085, 890754.261656, 56.8649840492
42900, 176.503484412, 891793.853194, 57.0466057178
42950, 176.450339277, 892833.443955, 57.2279586046
43000, 176.389199952, 893873.033925, 57.4090340063
43050, 176.320115096, 894912.623088, 57.5898233059
43100, 176.24313473, 895952.211427, 57.7703179735
43150, 176.158310206, 896991.798928, 57.9505095678
43200, 176.065694176, 898031.385576, 58.1303897369
43250, 175.965340567, 899070.971355, 58.3099502197
43300, 175.857304549, 900110.55625, 58.4891828466
43350, 175.741642507, 901150.140248, 58.6680795408
43400, 175.61841201, 902189.723333, 58.8466323189
43450, 175.487671781, 903229.305491, 59.0248332923
43500, 175.349481667, 904268.886709, 59.2026746676
43550, 175.203902609, 905308.466973, 59.3801487477
43600, 175.050996612, 906348.046268, 59.5572479326
43650, 174.890826714, 907387.624583, 59.73396472
43700, 174.723456953, 908427.201902, 59.9102917062
43750, 174.54895234, 909466.778215, 60.0862215865
43800, 174.367378827, 910506.353506, 60.2617471563
43850, 174.178803275, 911545.927766, 60.4368613113
43900, 173.983293424, 912585.500979, 60.6115570481
43950, 173.780917863, 913625.073136, 60.7858274648
44000, 173.571745996, 914664.644223, 60.9596657618
44050, 173.355848016, 915704.21423, 61.1330652415
44100, 173.133294872, 916743.783144, 61.3060193096
44150, 172.904158235, 917783.350954, 61.4785214745
44200, 172.668510476, 918822.91765, 61.6505653488
44250, 172.426424625, 919862.483219, 61.8221446483
44300, 172.177974348, 920902.047653, 61.9932531935
44350, 171.923233917, 921941.61094, 62.1638849089
44400, 171.662278174, 922981.17307, 62.3340338236
44450, 171.395182508, 924020.734033, 62.5036940716
44500, 171.12202282, 925060.293819, 62.6728598914
44550, 170.842875498, 926099.85242, 62.8415256268
44600, 170.557817383, 927139.409824, 63.0096857263
44650, 170.266925744, 928178.966024, 63.1773347434
44700, 169.970278248, 929218.52101, 63.3444673367
44750, 169.667952931, 930258.074774, 63.5110782698
44800, 169.36002817, 931297.627307, 63.6771624111
44850, 169.046582654, 932337.178601, 63.8427147337
44900, 168.727695358, 933376.728648, 64.0077303155
44950, 168.403445514, 934416.277439, 64.1722043386
45000, 168.073912586, 935455.824968, 64.3361320898
45050, 167.73917624, 936495.371227, 64.4995089597
45100, 167.399316321, 937534.916208, 64.6623304427
45150, 167.054412825, 938574.459905, 64.8245921367
45200, 166.704545872, 939614.002311, 64.986289743
45250, 166.349795683, 940653.543419, 65.1474190657
45300, 165.990242553, 941693.083223, 65.3079760115
45350, 165.625966829, 942732.621717, 65.4679565891
45400, 165.257048882, 943772.158894, 65.627356909
45450, 164.883569085, 944811.694749, 65.7861731832
45500, 164.505607789, 945851.229276, 65.9444017244
45550, 164.123245301, 946890.762471, 66.1020389456
45600, 163.736561859, 947930.294327, 66.2590813598
45650, 163.345637612, 948969.824839, 66.4155255793
45700, 162.950552596, 950009.354004, 66.5713683152
45750, 162.551386712, 951048.881816, 66.7266063769
45800, 162.148219708, 952088.408271, 66.8812366714
45850, 161.741131155, 953127.933365, 67.0352562026
45900, 161.330200429, 954167.457094, 67.1886620712
45950, 160.915506689, 955206.979454, 67.3414514733
46000, 160.497128858, 956246.500441, 67.4936217003
46050, 160.075145607, 957286.020051, 67.645170138
46100, 159.64963533, 958325.538283, 67.7960942657
46150, 159.220676134, 959365.055132, 67.9463916562
46200, 158.788345813, 960404.570596, 68.0960599742
46250, 158.352721838, 961444.084671, 68.2450969762
46300, 157.913881332, 962483.597356, 68.3935005092
46350, 157.471901064, 963523.108649, 68.5412685105
46400, 157.026857422, 964562.618546, 68.6883990065
46450, 156.578826406, 965602.127045, 68.8348901121
46500, 156.127883608, 966641.634146, 68.9807400298
46550, 155.6741042, 967681.139847, 69.125947049
46600, 155.217562915, 968720.644145, 69.2705095448
46650, 154.75833404, 969760.14704, 69.4144259778
46700, 154.296491398, 970799.64853, 69.5576948926
46750, 153.832108335, 971839.148614, 69.7003149174
46800, 153.365257711, 972878.647292, 69.8422847628
46850, 152.896011883, 973918.144563, 69.9836032211
46900, 152.424442695, 974957.640426, 70.1242691655
46950, 151.950621469, 975997.134881, 70.2642815489
47000, 151.474618992, 977036.627928, 70.4036394032
47050, 150.996505505, 978076.119566, 70.5423418385
47100, 150.516350694, 979115.609796, 70.680388042
47150, 150.034223679, 980155.098618, 70.8177772769
47200, 149.550193006, 981194.586033, 70.9545088821
47250, 149.064326639, 982234.07204, 71.0905822705
47300, 148.576691948, 983273.55664, 71.2259969286
47350, 148.087355705, 984313.039835, 71.3607524155
47400, 147.596384071, 985352.521625, 71.4948483616
47450, 147.103842595, 986392.002012, 71.628284468
47500, 146.609796203, 987431.480996, 71.7610605055
47550, 146.114309189, 988470.958578, 71.8931763136
47600, 145.617445217, 989510.434761, 72.0246317995
47650, 145.119267305, 990549.909546, 72.1554269372
47700, 144.619837827, 991589.382934, 72.2855617666
47750, 144.119218503, 992628.854927, 72.4150363924
47800, 143.617470399, 993668.325528, 72.5438509831
47850, 143.114653917, 994707.794738, 72.6720057705
47900, 142.610828792, 995747.26256, 72.7995010482
47950, 142.106054094, 996786.728996, 72.9263371709
48000, 141.600388215, 997826.194047, 73.0525145532
48050, 141.093888873, 998865.657718, 73.1780336693
48100, 140.586613105, 999905.12001, 73.3028950511
48150, 140.078617268, 1000944.58093, 73.4270992881
48200, 139.569957031, 1001984.04047, 73.5506470259
48250, 139.06068738, 1003023.49864, 73.6735389656
48300, 138.55086261, 1004062.95545, 73.7957758626
48350, 138.040536327, 1005102.41089, 73.9173585258
48400, 137.529761444, 1006141.86497, 74.0382878168
48450, 137.018590186, 1007181.3177, 74.1585646485
48500, 136.507074079, 1008220.76907, 74.2781899848
48550, 135.995263961, 1009260.21909, 74.397164839
48600, 135.483209973, 1010299.66776, 74.5154902737
48650, 134.970961563, 1011339.11509, 74.6331673991
48700, 134.458567488, 1012378.56109, 74.7501973724
48750, 133.946075808, 1013418.00574, 74.8665813971
48800, 133.433533893, 1014457.44907, 74.9823207218
48850, 132.920988424, 1015496.89107, 75.0974166395
48900, 132.408485387, 1016536.33174, 75.2118704864
48950, 131.896070083, 1017575.7711, 75.3256836417
49000, 131.383787124, 1018615.20914, 75.4388575257
49050, 130.871680439, 1019654.64587, 75.5513936001
49100, 130.359793271, 1020694.08129, 75.663293366
49150, 129.848168183, 1021733.51541, 75.7745583639
49200, 129.336847059, 1022772.94824, 75.8851901725
49250, 128.825871105, 1023812.37977, 75.9951904078
49300, 128.315280857, 1024851.81002, 76.1045607225
49350, 127.805116175, 1025891.23898, 76.2133028048
49400, 127.295416256, 1026930.66667, 76.321418378
49450, 126.786219629, 1027970.09308, 76.4289091993
49500, 126.277564163, 1029009.51822, 76.5357770594
49550, 125.769487068, 1030048.9421, 76.6420237813
49600, 125.2620249, 1031088.36472, 76.7476512198
49650, 124.755213565, 1032127.78609, 76.8526612605
49700, 124.249088322, 1033167.20621, 76.9570558192
49750, 123.743683785, 1034206.62508, 77.0608368409
49800, 123.239033933, 1035246.04272, 77.1640062994
49850, 122.735172106, 1036285.45913, 77.2665661963
49900, 122.232131018, 1037324.87431, 77.36851856
49950, 121.729942754, 1038364.28826, 77.4698654457
