
1s2.2s2.2p3.7p1--5.0P[3.0, 2.0, 1.0], 3.0, 75650.669985
1s2.2s2.2p3.7p1--5.0P[3.0, 2.0, 1.0], 2.0, 75650.669985
1s2.2s2.2p3.7p1--5.0P[3.0, 2.0, 1.0], 1.0, 75650.669985

1s2.2s2.2p3.7p1--3.0P[2.0, 1.0, 0.0], 2.0, 76302.9429326
1s2.2s2.2p3.7p1--3.0P[2.0, 1.0, 0.0], 1.0, 76302.9429326
1s2.2s2.2p3.7p1--3.0P[2.0, 1.0, 0.0], 0.0, 76302.9429326

1s2.2s2.2p3.8f1--5.0F[5.0, 4.0, 3.0, 2.0, 1.0], 5.0, 88632.6007597
1s2.2s2.2p3.8f1--5.0F[5.0, 4.0, 3.0, 2.0, 1.0], 4.0, 88632.6007597
1s2.2s2.2p3.8f1--5.0F[5.0, 4.0, 3.0, 2.0, 1.0], 3.0, 88632.6007597
1s2.2s2.2p3.8f1--5.0F[5.0, 4.0, 3.0, 2.0, 1.0], 2.0, 88632.6007597
1s2.2s2.2p3.8f1--5.0F[5.0, 4.0, 3.0, 2.0, 1.0], 1.0, 88632.6007597

1s2.2s2.2p3.8f1--3.0F[4.0, 3.0, 2.0], 4.0, 88632.6665096
1s2.2s2.2p3.8f1--3.0F[4.0, 3.0, 2.0], 3.0, 88632.6665096
1s2.2s2.2p3.8f1--3.0F[4.0, 3.0, 2.0], 2.0, 88632.6665096

1s2.2s2.2p3.9f1--5.0F[5.0, 4.0, 3.0, 2.0, 1.0], 5.0, 90262.1710133
1s2.2s2.2p3.9f1--5.0F[5.0, 4.0, 3.0, 2.0, 1.0], 4.0, 90262.1710133
1s2.2s2.2p3.9f1--5.0F[5.0, 4.0, 3.0, 2.0, 1.0], 3.0, 90262.1710133
1s2.2s2.2p3.9f1--5.0F[5.0, 4.0, 3.0, 2.0, 1.0], 2.0, 90262.1710133
1s2.2s2.2p3.9f1--5.0F[5.0, 4.0, 3.0, 2.0, 1.0], 1.0, 90262.1710133

1s2.2s2.2p3.9f1--3.0F[4.0, 3.0, 2.0], 4.0, 90262.220565
1s2.2s2.2p3.9f1--3.0F[4.0, 3.0, 2.0], 3.0, 90262.220565
1s2.2s2.2p3.9f1--3.0F[4.0, 3.0, 2.0], 2.0, 90262.220565

1s2.2s2.2p3.10g1--5.0G[6.0, 5.0, 4.0, 3.0, 2.0], 6.0, 95184.8783379
1s2.2s2.2p3.10g1--5.0G[6.0, 5.0, 4.0, 3.0, 2.0], 5.0, 95184.8783379
1s2.2s2.2p3.10g1--5.0G[6.0, 5.0, 4.0, 3.0, 2.0], 4.0, 95184.8783379
1s2.2s2.2p3.10g1--5.0G[6.0, 5.0, 4.0, 3.0, 2.0], 3.0, 95184.8783379
1s2.2s2.2p3.10g1--5.0G[6.0, 5.0, 4.0, 3.0, 2.0], 2.0, 95184.8783379

1s2.2s2.2p3.10g1--3.0G[5.0, 4.0, 3.0], 5.0, 95184.8786729
1s2.2s2.2p3.10g1--3.0G[5.0, 4.0, 3.0], 4.0, 95184.8786729
1s2.2s2.2p3.10g1--3.0G[5.0, 4.0, 3.0], 3.0, 95184.8786729

1s2.2s2.2p3.8g1--5.0G[6.0, 5.0, 4.0, 3.0, 2.0], 6.0, 102666.071547
1s2.2s2.2p3.8g1--5.0G[6.0, 5.0, 4.0, 3.0, 2.0], 5.0, 102666.071547
1s2.2s2.2p3.8g1--5.0G[6.0, 5.0, 4.0, 3.0, 2.0], 4.0, 102666.071547
1s2.2s2.2p3.8g1--5.0G[6.0, 5.0, 4.0, 3.0, 2.0], 3.0, 102666.071547
1s2.2s2.2p3.8g1--5.0G[6.0, 5.0, 4.0, 3.0, 2.0], 2.0, 102666.071547

1s2.2s2.2p3.8g1--3.0G[5.0, 4.0, 3.0], 5.0, 102666.071857
1s2.2s2.2p3.8g1--3.0G[5.0, 4.0, 3.0], 4.0, 102666.071857
1s2.2s2.2p3.8g1--3.0G[5.0, 4.0, 3.0], 3.0, 102666.071857

1s2.2s2.2p3.9g1--3.0G[5.0, 4.0, 3.0], 5.0, 103749.06871
1s2.2s2.2p3.9g1--3.0G[5.0, 4.0, 3.0], 4.0, 103749.06871
1s2.2s2.2p3.9g1--3.0G[5.0, 4.0, 3.0], 3.0, 103749.06871

1s2.2s2.2p3.9g1--5.0G[6.0, 5.0, 4.0, 3.0, 2.0], 6.0, 103749.068899
1s2.2s2.2p3.9g1--5.0G[6.0, 5.0, 4.0, 3.0, 2.0], 5.0, 103749.068899
1s2.2s2.2p3.9g1--5.0G[6.0, 5.0, 4.0, 3.0, 2.0], 4.0, 103749.068899
1s2.2s2.2p3.9g1--5.0G[6.0, 5.0, 4.0, 3.0, 2.0], 3.0, 103749.068899
1s2.2s2.2p3.9g1--5.0G[6.0, 5.0, 4.0, 3.0, 2.0], 2.0, 103749.068899

1s2.2s2.2p3.9f1--3.0F[4.0, 3.0, 2.0], 4.0, 104118.059477
1s2.2s2.2p3.9f1--3.0F[4.0, 3.0, 2.0], 3.0, 104118.059477
1s2.2s2.2p3.9f1--3.0F[4.0, 3.0, 2.0], 2.0, 104118.059477

1s2.2s2.2p3.9f1--5.0F[5.0, 4.0, 3.0, 2.0, 1.0], 5.0, 104118.162903
1s2.2s2.2p3.9f1--5.0F[5.0, 4.0, 3.0, 2.0, 1.0], 4.0, 104118.162903
1s2.2s2.2p3.9f1--5.0F[5.0, 4.0, 3.0, 2.0, 1.0], 3.0, 104118.162903
1s2.2s2.2p3.9f1--5.0F[5.0, 4.0, 3.0, 2.0, 1.0], 2.0, 104118.162903
1s2.2s2.2p3.9f1--5.0F[5.0, 4.0, 3.0, 2.0, 1.0], 1.0, 104118.162903

1s2.2s2.2p3.5g1--5.0G[6.0, 5.0, 4.0, 3.0, 2.0], 6.0, 105445.27482479386
1s2.2s2.2p3.5g1--5.0G[6.0, 5.0, 4.0, 3.0, 2.0], 5.0, 105445.27482479386
1s2.2s2.2p3.5g1--5.0G[6.0, 5.0, 4.0, 3.0, 2.0], 4.0, 105445.27482479386
1s2.2s2.2p3.5g1--5.0G[6.0, 5.0, 4.0, 3.0, 2.0], 3.0, 105445.27482479386
1s2.2s2.2p3.5g1--5.0G[6.0, 5.0, 4.0, 3.0, 2.0], 2.0, 105445.27482479386

1s2.2s2.2p3.5g1--3.0G[5.0, 4.0, 3.0], 5.0, 105445.27482479386
1s2.2s2.2p3.5g1--3.0G[5.0, 4.0, 3.0], 4.0, 105445.27482479386
1s2.2s2.2p3.5g1--3.0G[5.0, 4.0, 3.0], 3.0, 105445.27482479386

1s2.2s2.2p3.7p1--5.0P[3.0, 2.0, 1.0], 3.0, 106995.152217
1s2.2s2.2p3.7p1--5.0P[3.0, 2.0, 1.0], 2.0, 106995.152217
1s2.2s2.2p3.7p1--5.0P[3.0, 2.0, 1.0], 1.0, 106995.152217

1s2.2s2.2p3.5g1--5.0G[6.0, 5.0, 4.0, 3.0, 2.0], 6.0, 107008.1145
1s2.2s2.2p3.5g1--5.0G[6.0, 5.0, 4.0, 3.0, 2.0], 5.0, 107008.1145
1s2.2s2.2p3.5g1--5.0G[6.0, 5.0, 4.0, 3.0, 2.0], 4.0, 107008.1145
1s2.2s2.2p3.5g1--5.0G[6.0, 5.0, 4.0, 3.0, 2.0], 3.0, 107008.1145
1s2.2s2.2p3.5g1--5.0G[6.0, 5.0, 4.0, 3.0, 2.0], 2.0, 107008.1145

1s2.2s2.2p3.5g1--5.0G[6.0, 5.0, 4.0, 3.0, 2.0], 6.0, 107008.1145
1s2.2s2.2p3.5g1--5.0G[6.0, 5.0, 4.0, 3.0, 2.0], 5.0, 107008.1145
1s2.2s2.2p3.5g1--5.0G[6.0, 5.0, 4.0, 3.0, 2.0], 4.0, 107008.1145
1s2.2s2.2p3.5g1--5.0G[6.0, 5.0, 4.0, 3.0, 2.0], 3.0, 107008.1145
1s2.2s2.2p3.5g1--5.0G[6.0, 5.0, 4.0, 3.0, 2.0], 2.0, 107008.1145

1s2.2s2.2p3.5g1--3.0G[5.0, 4.0, 3.0], 5.0, 107008.1145
1s2.2s2.2p3.5g1--3.0G[5.0, 4.0, 3.0], 4.0, 107008.1145
1s2.2s2.2p3.5g1--3.0G[5.0, 4.0, 3.0], 3.0, 107008.1145

1s2.2s2.2p3.5g1--3.0G[5.0, 4.0, 3.0], 5.0, 107008.1145
1s2.2s2.2p3.5g1--3.0G[5.0, 4.0, 3.0], 4.0, 107008.1145
1s2.2s2.2p3.5g1--3.0G[5.0, 4.0, 3.0], 3.0, 107008.1145

1s2.2s2.2p3.7p1--3.0P[2.0, 1.0, 0.0], 2.0, 107068.737564
1s2.2s2.2p3.7p1--3.0P[2.0, 1.0, 0.0], 1.0, 107068.737564
1s2.2s2.2p3.7p1--3.0P[2.0, 1.0, 0.0], 0.0, 107068.737564

1s2.2s2.2p3.6h1--5.0H[7.0, 6.0, 5.0, 4.0, 3.0], 7.0, 107552.699433
1s2.2s2.2p3.6h1--5.0H[7.0, 6.0, 5.0, 4.0, 3.0], 6.0, 107552.699433
1s2.2s2.2p3.6h1--5.0H[7.0, 6.0, 5.0, 4.0, 3.0], 5.0, 107552.699433
1s2.2s2.2p3.6h1--5.0H[7.0, 6.0, 5.0, 4.0, 3.0], 4.0, 107552.699433
1s2.2s2.2p3.6h1--5.0H[7.0, 6.0, 5.0, 4.0, 3.0], 3.0, 107552.699433

1s2.2s2.2p3.6h1--5.0H[7.0, 6.0, 5.0, 4.0, 3.0], 7.0, 107552.699433
1s2.2s2.2p3.6h1--5.0H[7.0, 6.0, 5.0, 4.0, 3.0], 6.0, 107552.699433
1s2.2s2.2p3.6h1--5.0H[7.0, 6.0, 5.0, 4.0, 3.0], 5.0, 107552.699433
1s2.2s2.2p3.6h1--5.0H[7.0, 6.0, 5.0, 4.0, 3.0], 4.0, 107552.699433
1s2.2s2.2p3.6h1--5.0H[7.0, 6.0, 5.0, 4.0, 3.0], 3.0, 107552.699433

1s2.2s2.2p3.6h1--5.0H[7.0, 6.0, 5.0, 4.0, 3.0], 7.0, 107552.699433
1s2.2s2.2p3.6h1--5.0H[7.0, 6.0, 5.0, 4.0, 3.0], 6.0, 107552.699433
1s2.2s2.2p3.6h1--5.0H[7.0, 6.0, 5.0, 4.0, 3.0], 5.0, 107552.699433
1s2.2s2.2p3.6h1--5.0H[7.0, 6.0, 5.0, 4.0, 3.0], 4.0, 107552.699433
1s2.2s2.2p3.6h1--5.0H[7.0, 6.0, 5.0, 4.0, 3.0], 3.0, 107552.699433

1s2.2s2.2p3.6h1--3.0H[6.0, 5.0, 4.0], 6.0, 107552.699433
1s2.2s2.2p3.6h1--3.0H[6.0, 5.0, 4.0], 5.0, 107552.699433
1s2.2s2.2p3.6h1--3.0H[6.0, 5.0, 4.0], 4.0, 107552.699433

1s2.2s2.2p3.6h1--3.0H[6.0, 5.0, 4.0], 6.0, 107552.699433
1s2.2s2.2p3.6h1--3.0H[6.0, 5.0, 4.0], 5.0, 107552.699433
1s2.2s2.2p3.6h1--3.0H[6.0, 5.0, 4.0], 4.0, 107552.699433

1s2.2s2.2p3.6h1--3.0H[6.0, 5.0, 4.0], 6.0, 107552.699433
1s2.2s2.2p3.6h1--3.0H[6.0, 5.0, 4.0], 5.0, 107552.699433
1s2.2s2.2p3.6h1--3.0H[6.0, 5.0, 4.0], 4.0, 107552.699433

1s2.2s2.2p3.7g1--5.0G[6.0, 5.0, 4.0, 3.0, 2.0], 6.0, 107597.266275
1s2.2s2.2p3.7g1--5.0G[6.0, 5.0, 4.0, 3.0, 2.0], 5.0, 107597.266275
1s2.2s2.2p3.7g1--5.0G[6.0, 5.0, 4.0, 3.0, 2.0], 4.0, 107597.266275
1s2.2s2.2p3.7g1--5.0G[6.0, 5.0, 4.0, 3.0, 2.0], 3.0, 107597.266275
1s2.2s2.2p3.7g1--5.0G[6.0, 5.0, 4.0, 3.0, 2.0], 2.0, 107597.266275

1s2.2s2.2p3.7g1--3.0G[5.0, 4.0, 3.0], 5.0, 107597.266292
1s2.2s2.2p3.7g1--3.0G[5.0, 4.0, 3.0], 4.0, 107597.266292
1s2.2s2.2p3.7g1--3.0G[5.0, 4.0, 3.0], 3.0, 107597.266292

1s2.2s2.2p3.8p1--5.0P[3.0, 2.0, 1.0], 3.0, 107729.893292
1s2.2s2.2p3.8p1--5.0P[3.0, 2.0, 1.0], 2.0, 107729.893292
1s2.2s2.2p3.8p1--5.0P[3.0, 2.0, 1.0], 1.0, 107729.893292

1s2.2s2.2p3.8p1--3.0P[2.0, 1.0, 0.0], 2.0, 107776.458721
1s2.2s2.2p3.8p1--3.0P[2.0, 1.0, 0.0], 1.0, 107776.458721
1s2.2s2.2p3.8p1--3.0P[2.0, 1.0, 0.0], 0.0, 107776.458721

1s2.2s2.2p3.7h1--5.0H[7.0, 6.0, 5.0, 4.0, 3.0], 7.0, 108092.683710406
1s2.2s2.2p3.7h1--5.0H[7.0, 6.0, 5.0, 4.0, 3.0], 6.0, 108092.683710406
1s2.2s2.2p3.7h1--5.0H[7.0, 6.0, 5.0, 4.0, 3.0], 5.0, 108092.683710406
1s2.2s2.2p3.7h1--5.0H[7.0, 6.0, 5.0, 4.0, 3.0], 4.0, 108092.683710406
1s2.2s2.2p3.7h1--5.0H[7.0, 6.0, 5.0, 4.0, 3.0], 3.0, 108092.683710406

1s2.2s2.2p3.7h1--3.0H[6.0, 5.0, 4.0], 6.0, 108092.68371040605
1s2.2s2.2p3.7h1--3.0H[6.0, 5.0, 4.0], 5.0, 108092.68371040605
1s2.2s2.2p3.7h1--3.0H[6.0, 5.0, 4.0], 4.0, 108092.68371040605

1s2.2s2.2p3.8f1--5.0F[5.0, 4.0, 3.0, 2.0, 1.0], 5.0, 108121.134637
1s2.2s2.2p3.8f1--5.0F[5.0, 4.0, 3.0, 2.0, 1.0], 4.0, 108121.134637
1s2.2s2.2p3.8f1--5.0F[5.0, 4.0, 3.0, 2.0, 1.0], 3.0, 108121.134637
1s2.2s2.2p3.8f1--5.0F[5.0, 4.0, 3.0, 2.0, 1.0], 2.0, 108121.134637
1s2.2s2.2p3.8f1--5.0F[5.0, 4.0, 3.0, 2.0, 1.0], 1.0, 108121.134637

1s2.2s2.2p3.8f1--3.0F[4.0, 3.0, 2.0], 4.0, 108121.15409
1s2.2s2.2p3.8f1--3.0F[4.0, 3.0, 2.0], 3.0, 108121.15409
1s2.2s2.2p3.8f1--3.0F[4.0, 3.0, 2.0], 2.0, 108121.15409

1s2.2s2.2p3.8g1--5.0G[6.0, 5.0, 4.0, 3.0, 2.0], 6.0, 108122.479947
1s2.2s2.2p3.8g1--5.0G[6.0, 5.0, 4.0, 3.0, 2.0], 5.0, 108122.479947
1s2.2s2.2p3.8g1--5.0G[6.0, 5.0, 4.0, 3.0, 2.0], 4.0, 108122.479947
1s2.2s2.2p3.8g1--5.0G[6.0, 5.0, 4.0, 3.0, 2.0], 3.0, 108122.479947
1s2.2s2.2p3.8g1--5.0G[6.0, 5.0, 4.0, 3.0, 2.0], 2.0, 108122.479947

1s2.2s2.2p3.8g1--3.0G[5.0, 4.0, 3.0], 5.0, 108122.480132
1s2.2s2.2p3.8g1--3.0G[5.0, 4.0, 3.0], 4.0, 108122.480132
1s2.2s2.2p3.8g1--3.0G[5.0, 4.0, 3.0], 3.0, 108122.480132

1s2.2s2.2p3.9p1--5.0P[3.0, 2.0, 1.0], 3.0, 108212.361401
1s2.2s2.2p3.9p1--5.0P[3.0, 2.0, 1.0], 2.0, 108212.361401
1s2.2s2.2p3.9p1--5.0P[3.0, 2.0, 1.0], 1.0, 108212.361401

1s2.2s2.2p3.9p1--3.0P[2.0, 1.0, 0.0], 2.0, 108243.699452
1s2.2s2.2p3.9p1--3.0P[2.0, 1.0, 0.0], 1.0, 108243.699452
1s2.2s2.2p3.9p1--3.0P[2.0, 1.0, 0.0], 0.0, 108243.699452

1s2.2s2.2p3.7i1--5.0I[8.0, 7.0, 6.0, 5.0, 4.0], 8.0, 108412.904424
1s2.2s2.2p3.7i1--5.0I[8.0, 7.0, 6.0, 5.0, 4.0], 7.0, 108412.904424
1s2.2s2.2p3.7i1--5.0I[8.0, 7.0, 6.0, 5.0, 4.0], 6.0, 108412.904424
1s2.2s2.2p3.7i1--5.0I[8.0, 7.0, 6.0, 5.0, 4.0], 5.0, 108412.904424
1s2.2s2.2p3.7i1--5.0I[8.0, 7.0, 6.0, 5.0, 4.0], 4.0, 108412.904424

1s2.2s2.2p3.7i1--3.0I[7.0, 6.0, 5.0], 7.0, 108412.904424
1s2.2s2.2p3.7i1--3.0I[7.0, 6.0, 5.0], 6.0, 108412.904424
1s2.2s2.2p3.7i1--3.0I[7.0, 6.0, 5.0], 5.0, 108412.904424

1s2.2s2.2p3.8h1--5.0H[7.0, 6.0, 5.0, 4.0, 3.0], 7.0, 108461.621498
1s2.2s2.2p3.8h1--5.0H[7.0, 6.0, 5.0, 4.0, 3.0], 6.0, 108461.621498
1s2.2s2.2p3.8h1--5.0H[7.0, 6.0, 5.0, 4.0, 3.0], 5.0, 108461.621498
1s2.2s2.2p3.8h1--5.0H[7.0, 6.0, 5.0, 4.0, 3.0], 4.0, 108461.621498
1s2.2s2.2p3.8h1--5.0H[7.0, 6.0, 5.0, 4.0, 3.0], 3.0, 108461.621498

1s2.2s2.2p3.8h1--3.0H[6.0, 5.0, 4.0], 6.0, 108461.621607
1s2.2s2.2p3.8h1--3.0H[6.0, 5.0, 4.0], 5.0, 108461.621607
1s2.2s2.2p3.8h1--3.0H[6.0, 5.0, 4.0], 4.0, 108461.621607

1s2.2s2.2p3.9f1--5.0F[5.0, 4.0, 3.0, 2.0, 1.0], 5.0, 108481.532128
1s2.2s2.2p3.9f1--5.0F[5.0, 4.0, 3.0, 2.0, 1.0], 4.0, 108481.532128
1s2.2s2.2p3.9f1--5.0F[5.0, 4.0, 3.0, 2.0, 1.0], 3.0, 108481.532128
1s2.2s2.2p3.9f1--5.0F[5.0, 4.0, 3.0, 2.0, 1.0], 2.0, 108481.532128
1s2.2s2.2p3.9f1--5.0F[5.0, 4.0, 3.0, 2.0, 1.0], 1.0, 108481.532128

1s2.2s2.2p3.9f1--3.0F[4.0, 3.0, 2.0], 4.0, 108481.546136
1s2.2s2.2p3.9f1--3.0F[4.0, 3.0, 2.0], 3.0, 108481.546136
1s2.2s2.2p3.9f1--3.0F[4.0, 3.0, 2.0], 2.0, 108481.546136

1s2.2s2.2p3.9g1--3.0G[5.0, 4.0, 3.0], 5.0, 108482.515796
1s2.2s2.2p3.9g1--3.0G[5.0, 4.0, 3.0], 4.0, 108482.515796
1s2.2s2.2p3.9g1--3.0G[5.0, 4.0, 3.0], 3.0, 108482.515796

1s2.2s2.2p3.9g1--5.0G[6.0, 5.0, 4.0, 3.0, 2.0], 6.0, 108482.515798
1s2.2s2.2p3.9g1--5.0G[6.0, 5.0, 4.0, 3.0, 2.0], 5.0, 108482.515798
1s2.2s2.2p3.9g1--5.0G[6.0, 5.0, 4.0, 3.0, 2.0], 4.0, 108482.515798
1s2.2s2.2p3.9g1--5.0G[6.0, 5.0, 4.0, 3.0, 2.0], 3.0, 108482.515798
1s2.2s2.2p3.9g1--5.0G[6.0, 5.0, 4.0, 3.0, 2.0], 2.0, 108482.515798

1s2.2s2.2p3.10p1--5.0P[3.0, 2.0, 1.0], 3.0, 108546.189973
1s2.2s2.2p3.10p1--5.0P[3.0, 2.0, 1.0], 2.0, 108546.189973
1s2.2s2.2p3.10p1--5.0P[3.0, 2.0, 1.0], 1.0, 108546.189973

1s2.2s2.2p3.10p1--3.0P[2.0, 1.0, 0.0], 2.0, 108568.291476
1s2.2s2.2p3.10p1--3.0P[2.0, 1.0, 0.0], 1.0, 108568.291476
1s2.2s2.2p3.10p1--3.0P[2.0, 1.0, 0.0], 0.0, 108568.291476

1s2.2s2.2p3.8i1--5.0I[8.0, 7.0, 6.0, 5.0, 4.0], 8.0, 108689.47103912747
1s2.2s2.2p3.8i1--5.0I[8.0, 7.0, 6.0, 5.0, 4.0], 7.0, 108689.47103912747
1s2.2s2.2p3.8i1--5.0I[8.0, 7.0, 6.0, 5.0, 4.0], 6.0, 108689.47103912747
1s2.2s2.2p3.8i1--5.0I[8.0, 7.0, 6.0, 5.0, 4.0], 5.0, 108689.47103912747
1s2.2s2.2p3.8i1--5.0I[8.0, 7.0, 6.0, 5.0, 4.0], 4.0, 108689.47103912747

1s2.2s2.2p3.8i1--3.0I[7.0, 6.0, 5.0], 7.0, 108689.47103912749
1s2.2s2.2p3.8i1--3.0I[7.0, 6.0, 5.0], 6.0, 108689.47103912749
1s2.2s2.2p3.8i1--3.0I[7.0, 6.0, 5.0], 5.0, 108689.47103912749

1s2.2s2.2p3.9h1--5.0H[7.0, 6.0, 5.0, 4.0, 3.0], 7.0, 108724.806575
1s2.2s2.2p3.9h1--5.0H[7.0, 6.0, 5.0, 4.0, 3.0], 6.0, 108724.806575
1s2.2s2.2p3.9h1--5.0H[7.0, 6.0, 5.0, 4.0, 3.0], 5.0, 108724.806575
1s2.2s2.2p3.9h1--5.0H[7.0, 6.0, 5.0, 4.0, 3.0], 4.0, 108724.806575
1s2.2s2.2p3.9h1--5.0H[7.0, 6.0, 5.0, 4.0, 3.0], 3.0, 108724.806575

1s2.2s2.2p3.9h1--3.0H[6.0, 5.0, 4.0], 6.0, 108724.806764
1s2.2s2.2p3.9h1--3.0H[6.0, 5.0, 4.0], 5.0, 108724.806764
1s2.2s2.2p3.9h1--3.0H[6.0, 5.0, 4.0], 4.0, 108724.806764

1s2.2s2.2p3.10f1--5.0F[5.0, 4.0, 3.0, 2.0, 1.0], 5.0, 108739.282361
1s2.2s2.2p3.10f1--5.0F[5.0, 4.0, 3.0, 2.0, 1.0], 4.0, 108739.282361
1s2.2s2.2p3.10f1--5.0F[5.0, 4.0, 3.0, 2.0, 1.0], 3.0, 108739.282361
1s2.2s2.2p3.10f1--5.0F[5.0, 4.0, 3.0, 2.0, 1.0], 2.0, 108739.282361
1s2.2s2.2p3.10f1--5.0F[5.0, 4.0, 3.0, 2.0, 1.0], 1.0, 108739.282361

1s2.2s2.2p3.10f1--3.0F[4.0, 3.0, 2.0], 4.0, 108739.292747
1s2.2s2.2p3.10f1--3.0F[4.0, 3.0, 2.0], 3.0, 108739.292747
1s2.2s2.2p3.10f1--3.0F[4.0, 3.0, 2.0], 2.0, 108739.292747

1s2.2s2.2p3.10g1--5.0G[6.0, 5.0, 4.0, 3.0, 2.0], 6.0, 108740.019581
1s2.2s2.2p3.10g1--5.0G[6.0, 5.0, 4.0, 3.0, 2.0], 5.0, 108740.019581
1s2.2s2.2p3.10g1--5.0G[6.0, 5.0, 4.0, 3.0, 2.0], 4.0, 108740.019581
1s2.2s2.2p3.10g1--5.0G[6.0, 5.0, 4.0, 3.0, 2.0], 3.0, 108740.019581
1s2.2s2.2p3.10g1--5.0G[6.0, 5.0, 4.0, 3.0, 2.0], 2.0, 108740.019581

1s2.2s2.2p3.10g1--3.0G[5.0, 4.0, 3.0], 5.0, 108740.019686
1s2.2s2.2p3.10g1--3.0G[5.0, 4.0, 3.0], 4.0, 108740.019686
1s2.2s2.2p3.10g1--3.0G[5.0, 4.0, 3.0], 3.0, 108740.019686

1s2.2s2.2p3.8j1--5.0J[9.0, 8.0, 7.0, 6.0, 5.0], 9.0, 108856.207378
1s2.2s2.2p3.8j1--5.0J[9.0, 8.0, 7.0, 6.0, 5.0], 8.0, 108856.207378
1s2.2s2.2p3.8j1--5.0J[9.0, 8.0, 7.0, 6.0, 5.0], 7.0, 108856.207378
1s2.2s2.2p3.8j1--5.0J[9.0, 8.0, 7.0, 6.0, 5.0], 6.0, 108856.207378
1s2.2s2.2p3.8j1--5.0J[9.0, 8.0, 7.0, 6.0, 5.0], 5.0, 108856.207378

1s2.2s2.2p3.8j1--3.0J[8.0, 7.0, 6.0], 8.0, 108856.207378
1s2.2s2.2p3.8j1--3.0J[8.0, 7.0, 6.0], 7.0, 108856.207378
1s2.2s2.2p3.8j1--3.0J[8.0, 7.0, 6.0], 6.0, 108856.207378

1s2.2s2.2p3.9i1--5.0I[8.0, 7.0, 6.0, 5.0, 4.0], 8.0, 108892.669849
1s2.2s2.2p3.9i1--5.0I[8.0, 7.0, 6.0, 5.0, 4.0], 7.0, 108892.669849
1s2.2s2.2p3.9i1--5.0I[8.0, 7.0, 6.0, 5.0, 4.0], 6.0, 108892.669849
1s2.2s2.2p3.9i1--5.0I[8.0, 7.0, 6.0, 5.0, 4.0], 5.0, 108892.669849
1s2.2s2.2p3.9i1--5.0I[8.0, 7.0, 6.0, 5.0, 4.0], 4.0, 108892.669849

1s2.2s2.2p3.9i1--3.0I[7.0, 6.0, 5.0], 7.0, 108892.669935
1s2.2s2.2p3.9i1--3.0I[7.0, 6.0, 5.0], 6.0, 108892.669935
1s2.2s2.2p3.9i1--3.0I[7.0, 6.0, 5.0], 5.0, 108892.669935

1s2.2s2.2p3.10h1--5.0H[7.0, 6.0, 5.0, 4.0, 3.0], 7.0, 108919.108858
1s2.2s2.2p3.10h1--5.0H[7.0, 6.0, 5.0, 4.0, 3.0], 6.0, 108919.108858
1s2.2s2.2p3.10h1--5.0H[7.0, 6.0, 5.0, 4.0, 3.0], 5.0, 108919.108858
1s2.2s2.2p3.10h1--5.0H[7.0, 6.0, 5.0, 4.0, 3.0], 4.0, 108919.108858
1s2.2s2.2p3.10h1--5.0H[7.0, 6.0, 5.0, 4.0, 3.0], 3.0, 108919.108858

1s2.2s2.2p3.10h1--3.0H[6.0, 5.0, 4.0], 6.0, 108919.108895
1s2.2s2.2p3.10h1--3.0H[6.0, 5.0, 4.0], 5.0, 108919.108895
1s2.2s2.2p3.10h1--3.0H[6.0, 5.0, 4.0], 4.0, 108919.108895

1s2.2s2.2p3.9j1--5.0J[9.0, 8.0, 7.0, 6.0, 5.0], 9.0, 109018.45972134473
1s2.2s2.2p3.9j1--5.0J[9.0, 8.0, 7.0, 6.0, 5.0], 8.0, 109018.45972134473
1s2.2s2.2p3.9j1--5.0J[9.0, 8.0, 7.0, 6.0, 5.0], 7.0, 109018.45972134473
1s2.2s2.2p3.9j1--5.0J[9.0, 8.0, 7.0, 6.0, 5.0], 6.0, 109018.45972134473
1s2.2s2.2p3.9j1--5.0J[9.0, 8.0, 7.0, 6.0, 5.0], 5.0, 109018.45972134473

1s2.2s2.2p3.9j1--3.0J[8.0, 7.0, 6.0], 8.0, 109018.45972134473
1s2.2s2.2p3.9j1--3.0J[8.0, 7.0, 6.0], 7.0, 109018.45972134473
1s2.2s2.2p3.9j1--3.0J[8.0, 7.0, 6.0], 6.0, 109018.45972134473

1s2.2s2.2p3.10i1--3.0I[7.0, 6.0, 5.0], 7.0, 109046.330537
1s2.2s2.2p3.10i1--3.0I[7.0, 6.0, 5.0], 6.0, 109046.330537
1s2.2s2.2p3.10i1--3.0I[7.0, 6.0, 5.0], 5.0, 109046.330537

1s2.2s2.2p3.10i1--5.0I[8.0, 7.0, 6.0, 5.0, 4.0], 8.0, 109046.330809
1s2.2s2.2p3.10i1--5.0I[8.0, 7.0, 6.0, 5.0, 4.0], 7.0, 109046.330809
1s2.2s2.2p3.10i1--5.0I[8.0, 7.0, 6.0, 5.0, 4.0], 6.0, 109046.330809
1s2.2s2.2p3.10i1--5.0I[8.0, 7.0, 6.0, 5.0, 4.0], 5.0, 109046.330809
1s2.2s2.2p3.10i1--5.0I[8.0, 7.0, 6.0, 5.0, 4.0], 4.0, 109046.330809

1s2.2s2.2p3.9k1--5.0K[10.0, 9.0, 8.0, 7.0, 6.0], 10.0, 109137.900612
1s2.2s2.2p3.9k1--5.0K[10.0, 9.0, 8.0, 7.0, 6.0], 9.0, 109137.900612
1s2.2s2.2p3.9k1--5.0K[10.0, 9.0, 8.0, 7.0, 6.0], 8.0, 109137.900612
1s2.2s2.2p3.9k1--5.0K[10.0, 9.0, 8.0, 7.0, 6.0], 7.0, 109137.900612
1s2.2s2.2p3.9k1--5.0K[10.0, 9.0, 8.0, 7.0, 6.0], 6.0, 109137.900612

1s2.2s2.2p3.9k1--3.0K[9.0, 8.0, 7.0], 9.0, 109137.900612
1s2.2s2.2p3.9k1--3.0K[9.0, 8.0, 7.0], 8.0, 109137.900612
1s2.2s2.2p3.9k1--3.0K[9.0, 8.0, 7.0], 7.0, 109137.900612

1s2.2s2.2p3.10j1--3.0J[8.0, 7.0, 6.0], 8.0, 109143.559002
1s2.2s2.2p3.10j1--3.0J[8.0, 7.0, 6.0], 7.0, 109143.559002
1s2.2s2.2p3.10j1--3.0J[8.0, 7.0, 6.0], 6.0, 109143.559002

1s2.2s2.2p3.10j1--5.0J[9.0, 8.0, 7.0, 6.0, 5.0], 9.0, 109143.559039
1s2.2s2.2p3.10j1--5.0J[9.0, 8.0, 7.0, 6.0, 5.0], 8.0, 109143.559039
1s2.2s2.2p3.10j1--5.0J[9.0, 8.0, 7.0, 6.0, 5.0], 7.0, 109143.559039
1s2.2s2.2p3.10j1--5.0J[9.0, 8.0, 7.0, 6.0, 5.0], 6.0, 109143.559039
1s2.2s2.2p3.10j1--5.0J[9.0, 8.0, 7.0, 6.0, 5.0], 5.0, 109143.559039

1s2.2s2.2p3.10k1--5.0K[10.0, 9.0, 8.0, 7.0, 6.0], 10.0, 109237.54395640925
1s2.2s2.2p3.10k1--5.0K[10.0, 9.0, 8.0, 7.0, 6.0], 9.0, 109237.54395640925
1s2.2s2.2p3.10k1--5.0K[10.0, 9.0, 8.0, 7.0, 6.0], 8.0, 109237.54395640925
1s2.2s2.2p3.10k1--5.0K[10.0, 9.0, 8.0, 7.0, 6.0], 7.0, 109237.54395640925
1s2.2s2.2p3.10k1--5.0K[10.0, 9.0, 8.0, 7.0, 6.0], 6.0, 109237.54395640925

1s2.2s2.2p3.10k1--3.0K[9.0, 8.0, 7.0], 9.0, 109237.54395640927
1s2.2s2.2p3.10k1--3.0K[9.0, 8.0, 7.0], 8.0, 109237.54395640927
1s2.2s2.2p3.10k1--3.0K[9.0, 8.0, 7.0], 7.0, 109237.54395640927

1s2.2s2.2p3.10l1--3.0L[10.0, 9.0, 8.0], 10.0, 109325.514934
1s2.2s2.2p3.10l1--3.0L[10.0, 9.0, 8.0], 9.0, 109325.514934
1s2.2s2.2p3.10l1--3.0L[10.0, 9.0, 8.0], 8.0, 109325.514934

1s2.2s2.2p3.10l1--5.0L[11.0, 10.0, 9.0, 8.0, 7.0], 11.0, 109325.514934
1s2.2s2.2p3.10l1--5.0L[11.0, 10.0, 9.0, 8.0, 7.0], 10.0, 109325.514934
1s2.2s2.2p3.10l1--5.0L[11.0, 10.0, 9.0, 8.0, 7.0], 9.0, 109325.514934
1s2.2s2.2p3.10l1--5.0L[11.0, 10.0, 9.0, 8.0, 7.0], 8.0, 109325.514934
1s2.2s2.2p3.10l1--5.0L[11.0, 10.0, 9.0, 8.0, 7.0], 7.0, 109325.514934

1s2.2s2.2p3.10f1--3.0F[4.0, 3.0, 2.0], 4.0, 110315.834018
1s2.2s2.2p3.10f1--3.0F[4.0, 3.0, 2.0], 3.0, 110315.834018
1s2.2s2.2p3.10f1--3.0F[4.0, 3.0, 2.0], 2.0, 110315.834018

1s2.2s2.2p3.10f1--5.0F[5.0, 4.0, 3.0, 2.0, 1.0], 5.0, 110315.913477
1s2.2s2.2p3.10f1--5.0F[5.0, 4.0, 3.0, 2.0, 1.0], 4.0, 110315.913477
1s2.2s2.2p3.10f1--5.0F[5.0, 4.0, 3.0, 2.0, 1.0], 3.0, 110315.913477
1s2.2s2.2p3.10f1--5.0F[5.0, 4.0, 3.0, 2.0, 1.0], 2.0, 110315.913477
1s2.2s2.2p3.10f1--5.0F[5.0, 4.0, 3.0, 2.0, 1.0], 1.0, 110315.913477

1s2.2s2.2p3.7g1--3.0G[5.0, 4.0, 3.0], 5.0, 110795.9414
1s2.2s2.2p3.7g1--3.0G[5.0, 4.0, 3.0], 4.0, 110795.9414
1s2.2s2.2p3.7g1--3.0G[5.0, 4.0, 3.0], 3.0, 110795.9414

1s2.2s2.2p3.7g1--5.0G[6.0, 5.0, 4.0, 3.0, 2.0], 6.0, 110795.9414
1s2.2s2.2p3.7g1--5.0G[6.0, 5.0, 4.0, 3.0, 2.0], 5.0, 110795.9414
1s2.2s2.2p3.7g1--5.0G[6.0, 5.0, 4.0, 3.0, 2.0], 4.0, 110795.9414
1s2.2s2.2p3.7g1--5.0G[6.0, 5.0, 4.0, 3.0, 2.0], 3.0, 110795.9414
1s2.2s2.2p3.7g1--5.0G[6.0, 5.0, 4.0, 3.0, 2.0], 2.0, 110795.9414

1s2.2s2.2p3.8j1--5.0J[9.0, 8.0, 7.0, 6.0, 5.0], 9.0, 112747.516886
1s2.2s2.2p3.8j1--5.0J[9.0, 8.0, 7.0, 6.0, 5.0], 8.0, 112747.516886
1s2.2s2.2p3.8j1--5.0J[9.0, 8.0, 7.0, 6.0, 5.0], 7.0, 112747.516886
1s2.2s2.2p3.8j1--5.0J[9.0, 8.0, 7.0, 6.0, 5.0], 6.0, 112747.516886
1s2.2s2.2p3.8j1--5.0J[9.0, 8.0, 7.0, 6.0, 5.0], 5.0, 112747.516886

1s2.2s2.2p3.8j1--3.0J[8.0, 7.0, 6.0], 8.0, 112747.516886
1s2.2s2.2p3.8j1--3.0J[8.0, 7.0, 6.0], 7.0, 112747.516886
1s2.2s2.2p3.8j1--3.0J[8.0, 7.0, 6.0], 6.0, 112747.516886

1s2.2s2.2p3.7g1--5.0G[6.0, 5.0, 4.0, 3.0, 2.0], 6.0, 113351.45104
1s2.2s2.2p3.7g1--5.0G[6.0, 5.0, 4.0, 3.0, 2.0], 5.0, 113351.45104
1s2.2s2.2p3.7g1--5.0G[6.0, 5.0, 4.0, 3.0, 2.0], 4.0, 113351.45104
1s2.2s2.2p3.7g1--5.0G[6.0, 5.0, 4.0, 3.0, 2.0], 3.0, 113351.45104
1s2.2s2.2p3.7g1--5.0G[6.0, 5.0, 4.0, 3.0, 2.0], 2.0, 113351.45104

1s2.2s2.2p3.7g1--3.0G[5.0, 4.0, 3.0], 5.0, 113351.45104
1s2.2s2.2p3.7g1--3.0G[5.0, 4.0, 3.0], 4.0, 113351.45104
1s2.2s2.2p3.7g1--3.0G[5.0, 4.0, 3.0], 3.0, 113351.45104

1s2.2s2.2p3.9g1--3.0G[5.0, 4.0, 3.0], 5.0, 114536.395046
1s2.2s2.2p3.9g1--3.0G[5.0, 4.0, 3.0], 4.0, 114536.395046
1s2.2s2.2p3.9g1--3.0G[5.0, 4.0, 3.0], 3.0, 114536.395046

1s2.2s2.2p3.9g1--5.0G[6.0, 5.0, 4.0, 3.0, 2.0], 6.0, 114536.395057
1s2.2s2.2p3.9g1--5.0G[6.0, 5.0, 4.0, 3.0, 2.0], 5.0, 114536.395057
1s2.2s2.2p3.9g1--5.0G[6.0, 5.0, 4.0, 3.0, 2.0], 4.0, 114536.395057
1s2.2s2.2p3.9g1--5.0G[6.0, 5.0, 4.0, 3.0, 2.0], 3.0, 114536.395057
1s2.2s2.2p3.9g1--5.0G[6.0, 5.0, 4.0, 3.0, 2.0], 2.0, 114536.395057

1s2.2s2.2p3.7h1--5.0H[7.0, 6.0, 5.0, 4.0, 3.0], 7.0, 114985.74635644264
1s2.2s2.2p3.7h1--5.0H[7.0, 6.0, 5.0, 4.0, 3.0], 6.0, 114985.74635644264
1s2.2s2.2p3.7h1--5.0H[7.0, 6.0, 5.0, 4.0, 3.0], 5.0, 114985.74635644264
1s2.2s2.2p3.7h1--5.0H[7.0, 6.0, 5.0, 4.0, 3.0], 4.0, 114985.74635644264
1s2.2s2.2p3.7h1--5.0H[7.0, 6.0, 5.0, 4.0, 3.0], 3.0, 114985.74635644264

1s2.2s2.2p3.7h1--3.0H[6.0, 5.0, 4.0], 6.0, 114985.74635644264
1s2.2s2.2p3.7h1--3.0H[6.0, 5.0, 4.0], 5.0, 114985.74635644264
1s2.2s2.2p3.7h1--3.0H[6.0, 5.0, 4.0], 4.0, 114985.74635644264

1s2.2s2.2p3.8h1--5.0H[7.0, 6.0, 5.0, 4.0, 3.0], 7.0, 116188.096607
1s2.2s2.2p3.8h1--5.0H[7.0, 6.0, 5.0, 4.0, 3.0], 6.0, 116188.096607
1s2.2s2.2p3.8h1--5.0H[7.0, 6.0, 5.0, 4.0, 3.0], 5.0, 116188.096607
1s2.2s2.2p3.8h1--5.0H[7.0, 6.0, 5.0, 4.0, 3.0], 4.0, 116188.096607
1s2.2s2.2p3.8h1--5.0H[7.0, 6.0, 5.0, 4.0, 3.0], 3.0, 116188.096607

1s2.2s2.2p3.8h1--3.0H[6.0, 5.0, 4.0], 6.0, 116188.096607
1s2.2s2.2p3.8h1--3.0H[6.0, 5.0, 4.0], 5.0, 116188.096607
1s2.2s2.2p3.8h1--3.0H[6.0, 5.0, 4.0], 4.0, 116188.096607

1s2.2s2.2p3.7i1--5.0I[8.0, 7.0, 6.0, 5.0, 4.0], 8.0, 116461.126746
1s2.2s2.2p3.7i1--5.0I[8.0, 7.0, 6.0, 5.0, 4.0], 7.0, 116461.126746
1s2.2s2.2p3.7i1--5.0I[8.0, 7.0, 6.0, 5.0, 4.0], 6.0, 116461.126746
1s2.2s2.2p3.7i1--5.0I[8.0, 7.0, 6.0, 5.0, 4.0], 5.0, 116461.126746
1s2.2s2.2p3.7i1--5.0I[8.0, 7.0, 6.0, 5.0, 4.0], 4.0, 116461.126746

1s2.2s2.2p3.7i1--3.0I[7.0, 6.0, 5.0], 7.0, 116461.126746
1s2.2s2.2p3.7i1--3.0I[7.0, 6.0, 5.0], 6.0, 116461.126746
1s2.2s2.2p3.7i1--3.0I[7.0, 6.0, 5.0], 5.0, 116461.126746

1s2.2s2.2p3.9j1--5.0J[9.0, 8.0, 7.0, 6.0, 5.0], 9.0, 117123.57897815015
1s2.2s2.2p3.9j1--5.0J[9.0, 8.0, 7.0, 6.0, 5.0], 8.0, 117123.57897815015
1s2.2s2.2p3.9j1--5.0J[9.0, 8.0, 7.0, 6.0, 5.0], 7.0, 117123.57897815015
1s2.2s2.2p3.9j1--5.0J[9.0, 8.0, 7.0, 6.0, 5.0], 6.0, 117123.57897815015
1s2.2s2.2p3.9j1--5.0J[9.0, 8.0, 7.0, 6.0, 5.0], 5.0, 117123.57897815015

1s2.2s2.2p3.9j1--3.0J[8.0, 7.0, 6.0], 8.0, 117123.5789781502
1s2.2s2.2p3.9j1--3.0J[8.0, 7.0, 6.0], 7.0, 117123.5789781502
1s2.2s2.2p3.9j1--3.0J[8.0, 7.0, 6.0], 6.0, 117123.5789781502

1s2.2s2.2p3.8p1--3.0P[2.0, 1.0, 0.0], 2.0, 118445.383262
1s2.2s2.2p3.8p1--3.0P[2.0, 1.0, 0.0], 1.0, 118445.383262
1s2.2s2.2p3.8p1--3.0P[2.0, 1.0, 0.0], 0.0, 118445.383262

1s2.2s2.2p3.8p1--5.0P[3.0, 2.0, 1.0], 3.0, 118520.478964
1s2.2s2.2p3.8p1--5.0P[3.0, 2.0, 1.0], 2.0, 118520.478964
1s2.2s2.2p3.8p1--5.0P[3.0, 2.0, 1.0], 1.0, 118520.478964

1s2.2s2.2p3.7i1--5.0I[8.0, 7.0, 6.0, 5.0, 4.0], 8.0, 118566.728643
1s2.2s2.2p3.7i1--5.0I[8.0, 7.0, 6.0, 5.0, 4.0], 7.0, 118566.728643
1s2.2s2.2p3.7i1--5.0I[8.0, 7.0, 6.0, 5.0, 4.0], 6.0, 118566.728643
1s2.2s2.2p3.7i1--5.0I[8.0, 7.0, 6.0, 5.0, 4.0], 5.0, 118566.728643
1s2.2s2.2p3.7i1--5.0I[8.0, 7.0, 6.0, 5.0, 4.0], 4.0, 118566.728643

1s2.2s2.2p3.7i1--3.0I[7.0, 6.0, 5.0], 7.0, 118566.728643
1s2.2s2.2p3.7i1--3.0I[7.0, 6.0, 5.0], 6.0, 118566.728643
1s2.2s2.2p3.7i1--3.0I[7.0, 6.0, 5.0], 5.0, 118566.728643

1s2.2s2.2p3.8g1--5.0G[6.0, 5.0, 4.0, 3.0, 2.0], 6.0, 119128.214707
1s2.2s2.2p3.8g1--5.0G[6.0, 5.0, 4.0, 3.0, 2.0], 5.0, 119128.214707
1s2.2s2.2p3.8g1--5.0G[6.0, 5.0, 4.0, 3.0, 2.0], 4.0, 119128.214707
1s2.2s2.2p3.8g1--5.0G[6.0, 5.0, 4.0, 3.0, 2.0], 3.0, 119128.214707
1s2.2s2.2p3.8g1--5.0G[6.0, 5.0, 4.0, 3.0, 2.0], 2.0, 119128.214707

1s2.2s2.2p3.8g1--3.0G[5.0, 4.0, 3.0], 5.0, 119128.214707
1s2.2s2.2p3.8g1--3.0G[5.0, 4.0, 3.0], 4.0, 119128.214707
1s2.2s2.2p3.8g1--3.0G[5.0, 4.0, 3.0], 3.0, 119128.214707

1s2.2s2.2p3.9h1--5.0H[7.0, 6.0, 5.0, 4.0, 3.0], 7.0, 119213.971179
1s2.2s2.2p3.9h1--5.0H[7.0, 6.0, 5.0, 4.0, 3.0], 6.0, 119213.971179
1s2.2s2.2p3.9h1--5.0H[7.0, 6.0, 5.0, 4.0, 3.0], 5.0, 119213.971179
1s2.2s2.2p3.9h1--5.0H[7.0, 6.0, 5.0, 4.0, 3.0], 4.0, 119213.971179
1s2.2s2.2p3.9h1--5.0H[7.0, 6.0, 5.0, 4.0, 3.0], 3.0, 119213.971179

1s2.2s2.2p3.9h1--3.0H[6.0, 5.0, 4.0], 6.0, 119213.971468
1s2.2s2.2p3.9h1--3.0H[6.0, 5.0, 4.0], 5.0, 119213.971468
1s2.2s2.2p3.9h1--3.0H[6.0, 5.0, 4.0], 4.0, 119213.971468

1s2.2s2.2p3.10j1--3.0J[8.0, 7.0, 6.0], 8.0, 119240.909964
1s2.2s2.2p3.10j1--3.0J[8.0, 7.0, 6.0], 7.0, 119240.909964
1s2.2s2.2p3.10j1--3.0J[8.0, 7.0, 6.0], 6.0, 119240.909964

1s2.2s2.2p3.10j1--5.0J[9.0, 8.0, 7.0, 6.0, 5.0], 9.0, 119240.910207
1s2.2s2.2p3.10j1--5.0J[9.0, 8.0, 7.0, 6.0, 5.0], 8.0, 119240.910207
1s2.2s2.2p3.10j1--5.0J[9.0, 8.0, 7.0, 6.0, 5.0], 7.0, 119240.910207
1s2.2s2.2p3.10j1--5.0J[9.0, 8.0, 7.0, 6.0, 5.0], 6.0, 119240.910207
1s2.2s2.2p3.10j1--5.0J[9.0, 8.0, 7.0, 6.0, 5.0], 5.0, 119240.910207

1s2.2s2.2p3.7h1--5.0H[7.0, 6.0, 5.0, 4.0, 3.0], 7.0, 119407.21926654504
1s2.2s2.2p3.7h1--5.0H[7.0, 6.0, 5.0, 4.0, 3.0], 6.0, 119407.21926654504
1s2.2s2.2p3.7h1--5.0H[7.0, 6.0, 5.0, 4.0, 3.0], 5.0, 119407.21926654504
1s2.2s2.2p3.7h1--5.0H[7.0, 6.0, 5.0, 4.0, 3.0], 4.0, 119407.21926654504
1s2.2s2.2p3.7h1--5.0H[7.0, 6.0, 5.0, 4.0, 3.0], 3.0, 119407.21926654504

1s2.2s2.2p3.7h1--3.0H[6.0, 5.0, 4.0], 6.0, 119407.21926654504
1s2.2s2.2p3.7h1--3.0H[6.0, 5.0, 4.0], 5.0, 119407.21926654504
1s2.2s2.2p3.7h1--3.0H[6.0, 5.0, 4.0], 4.0, 119407.21926654504

1s2.2s2.2p3.9p1--3.0P[2.0, 1.0, 0.0], 2.0, 119878.322661
1s2.2s2.2p3.9p1--3.0P[2.0, 1.0, 0.0], 1.0, 119878.322661
1s2.2s2.2p3.9p1--3.0P[2.0, 1.0, 0.0], 0.0, 119878.322661

1s2.2s2.2p3.9p1--5.0P[3.0, 2.0, 1.0], 3.0, 119926.987673
1s2.2s2.2p3.9p1--5.0P[3.0, 2.0, 1.0], 2.0, 119926.987673
1s2.2s2.2p3.9p1--5.0P[3.0, 2.0, 1.0], 1.0, 119926.987673

1s2.2s2.2p3.9k1--5.0K[10.0, 9.0, 8.0, 7.0, 6.0], 10.0, 119998.099101
1s2.2s2.2p3.9k1--5.0K[10.0, 9.0, 8.0, 7.0, 6.0], 9.0, 119998.099101
1s2.2s2.2p3.9k1--5.0K[10.0, 9.0, 8.0, 7.0, 6.0], 8.0, 119998.099101
1s2.2s2.2p3.9k1--5.0K[10.0, 9.0, 8.0, 7.0, 6.0], 7.0, 119998.099101
1s2.2s2.2p3.9k1--5.0K[10.0, 9.0, 8.0, 7.0, 6.0], 6.0, 119998.099101

1s2.2s2.2p3.9k1--3.0K[9.0, 8.0, 7.0], 9.0, 119998.099101
1s2.2s2.2p3.9k1--3.0K[9.0, 8.0, 7.0], 8.0, 119998.099101
1s2.2s2.2p3.9k1--3.0K[9.0, 8.0, 7.0], 7.0, 119998.099101

1s2.2s2.2p3.8i1--5.0I[8.0, 7.0, 6.0, 5.0, 4.0], 8.0, 120032.43561423705
1s2.2s2.2p3.8i1--5.0I[8.0, 7.0, 6.0, 5.0, 4.0], 7.0, 120032.43561423705
1s2.2s2.2p3.8i1--5.0I[8.0, 7.0, 6.0, 5.0, 4.0], 6.0, 120032.43561423705
1s2.2s2.2p3.8i1--5.0I[8.0, 7.0, 6.0, 5.0, 4.0], 5.0, 120032.43561423705
1s2.2s2.2p3.8i1--5.0I[8.0, 7.0, 6.0, 5.0, 4.0], 4.0, 120032.43561423705

1s2.2s2.2p3.8i1--3.0I[7.0, 6.0, 5.0], 7.0, 120032.43561423705
1s2.2s2.2p3.8i1--3.0I[7.0, 6.0, 5.0], 6.0, 120032.43561423705
1s2.2s2.2p3.8i1--3.0I[7.0, 6.0, 5.0], 5.0, 120032.43561423705

1s2.2s2.2p3.10h1--5.0H[7.0, 6.0, 5.0, 4.0, 3.0], 7.0, 120345.004668
1s2.2s2.2p3.10h1--5.0H[7.0, 6.0, 5.0, 4.0, 3.0], 6.0, 120345.004668
1s2.2s2.2p3.10h1--5.0H[7.0, 6.0, 5.0, 4.0, 3.0], 5.0, 120345.004668
1s2.2s2.2p3.10h1--5.0H[7.0, 6.0, 5.0, 4.0, 3.0], 4.0, 120345.004668
1s2.2s2.2p3.10h1--5.0H[7.0, 6.0, 5.0, 4.0, 3.0], 3.0, 120345.004668

1s2.2s2.2p3.10h1--3.0H[6.0, 5.0, 4.0], 6.0, 120345.004775
1s2.2s2.2p3.10h1--3.0H[6.0, 5.0, 4.0], 5.0, 120345.004775
1s2.2s2.2p3.10h1--3.0H[6.0, 5.0, 4.0], 4.0, 120345.004775

1s2.2s2.2p3.9h1--3.0H[6.0, 5.0, 4.0], 6.0, 120555.866917
1s2.2s2.2p3.9h1--3.0H[6.0, 5.0, 4.0], 5.0, 120555.866917
1s2.2s2.2p3.9h1--3.0H[6.0, 5.0, 4.0], 4.0, 120555.866917

1s2.2s2.2p3.9h1--5.0H[7.0, 6.0, 5.0, 4.0, 3.0], 7.0, 120555.866917
1s2.2s2.2p3.9h1--5.0H[7.0, 6.0, 5.0, 4.0, 3.0], 6.0, 120555.866917
1s2.2s2.2p3.9h1--5.0H[7.0, 6.0, 5.0, 4.0, 3.0], 5.0, 120555.866917
1s2.2s2.2p3.9h1--5.0H[7.0, 6.0, 5.0, 4.0, 3.0], 4.0, 120555.866917
1s2.2s2.2p3.9h1--5.0H[7.0, 6.0, 5.0, 4.0, 3.0], 3.0, 120555.866917

1s2.2s2.2p3.10l1--3.0L[10.0, 9.0, 8.0], 10.0, 120654.612662
1s2.2s2.2p3.10l1--3.0L[10.0, 9.0, 8.0], 9.0, 120654.612662
1s2.2s2.2p3.10l1--3.0L[10.0, 9.0, 8.0], 8.0, 120654.612662

1s2.2s2.2p3.10l1--5.0L[11.0, 10.0, 9.0, 8.0, 7.0], 11.0, 120654.612662
1s2.2s2.2p3.10l1--5.0L[11.0, 10.0, 9.0, 8.0, 7.0], 10.0, 120654.612662
1s2.2s2.2p3.10l1--5.0L[11.0, 10.0, 9.0, 8.0, 7.0], 9.0, 120654.612662
1s2.2s2.2p3.10l1--5.0L[11.0, 10.0, 9.0, 8.0, 7.0], 8.0, 120654.612662
1s2.2s2.2p3.10l1--5.0L[11.0, 10.0, 9.0, 8.0, 7.0], 7.0, 120654.612662

1s2.2s2.2p3.10p1--3.0P[2.0, 1.0, 0.0], 2.0, 120769.618601
1s2.2s2.2p3.10p1--3.0P[2.0, 1.0, 0.0], 1.0, 120769.618601
1s2.2s2.2p3.10p1--3.0P[2.0, 1.0, 0.0], 0.0, 120769.618601

1s2.2s2.2p3.10p1--5.0P[3.0, 2.0, 1.0], 3.0, 120802.402437
1s2.2s2.2p3.10p1--5.0P[3.0, 2.0, 1.0], 2.0, 120802.402437
1s2.2s2.2p3.10p1--5.0P[3.0, 2.0, 1.0], 1.0, 120802.402437

1s2.2s2.2p3.10k1--5.0K[10.0, 9.0, 8.0, 7.0, 6.0], 10.0, 120882.44262569689
1s2.2s2.2p3.10k1--5.0K[10.0, 9.0, 8.0, 7.0, 6.0], 9.0, 120882.44262569689
1s2.2s2.2p3.10k1--5.0K[10.0, 9.0, 8.0, 7.0, 6.0], 8.0, 120882.44262569689
1s2.2s2.2p3.10k1--5.0K[10.0, 9.0, 8.0, 7.0, 6.0], 7.0, 120882.44262569689
1s2.2s2.2p3.10k1--5.0K[10.0, 9.0, 8.0, 7.0, 6.0], 6.0, 120882.44262569689

1s2.2s2.2p3.10k1--3.0K[9.0, 8.0, 7.0], 9.0, 120882.44262569695
1s2.2s2.2p3.10k1--3.0K[9.0, 8.0, 7.0], 8.0, 120882.44262569695
1s2.2s2.2p3.10k1--3.0K[9.0, 8.0, 7.0], 7.0, 120882.44262569695

1s2.2s2.2p3.9i1--5.0I[8.0, 7.0, 6.0, 5.0, 4.0], 8.0, 120903.789689
1s2.2s2.2p3.9i1--5.0I[8.0, 7.0, 6.0, 5.0, 4.0], 7.0, 120903.789689
1s2.2s2.2p3.9i1--5.0I[8.0, 7.0, 6.0, 5.0, 4.0], 6.0, 120903.789689
1s2.2s2.2p3.9i1--5.0I[8.0, 7.0, 6.0, 5.0, 4.0], 5.0, 120903.789689
1s2.2s2.2p3.9i1--5.0I[8.0, 7.0, 6.0, 5.0, 4.0], 4.0, 120903.789689

1s2.2s2.2p3.9i1--3.0I[7.0, 6.0, 5.0], 7.0, 120903.789689
1s2.2s2.2p3.9i1--3.0I[7.0, 6.0, 5.0], 6.0, 120903.789689
1s2.2s2.2p3.9i1--3.0I[7.0, 6.0, 5.0], 5.0, 120903.789689

1s2.2s2.2p3.8h1--5.0H[7.0, 6.0, 5.0, 4.0, 3.0], 7.0, 121144.020769
1s2.2s2.2p3.8h1--5.0H[7.0, 6.0, 5.0, 4.0, 3.0], 6.0, 121144.020769
1s2.2s2.2p3.8h1--5.0H[7.0, 6.0, 5.0, 4.0, 3.0], 5.0, 121144.020769
1s2.2s2.2p3.8h1--5.0H[7.0, 6.0, 5.0, 4.0, 3.0], 4.0, 121144.020769
1s2.2s2.2p3.8h1--5.0H[7.0, 6.0, 5.0, 4.0, 3.0], 3.0, 121144.020769

1s2.2s2.2p3.8h1--3.0H[6.0, 5.0, 4.0], 6.0, 121144.020769
1s2.2s2.2p3.8h1--3.0H[6.0, 5.0, 4.0], 5.0, 121144.020769
1s2.2s2.2p3.8h1--3.0H[6.0, 5.0, 4.0], 4.0, 121144.020769

1s2.2s2.2p3.8f1--3.0F[4.0, 3.0, 2.0], 4.0, 121227.923501
1s2.2s2.2p3.8f1--3.0F[4.0, 3.0, 2.0], 3.0, 121227.923501
1s2.2s2.2p3.8f1--3.0F[4.0, 3.0, 2.0], 2.0, 121227.923501

1s2.2s2.2p3.8f1--5.0F[5.0, 4.0, 3.0, 2.0, 1.0], 5.0, 121227.924969
1s2.2s2.2p3.8f1--5.0F[5.0, 4.0, 3.0, 2.0, 1.0], 4.0, 121227.924969
1s2.2s2.2p3.8f1--5.0F[5.0, 4.0, 3.0, 2.0, 1.0], 3.0, 121227.924969
1s2.2s2.2p3.8f1--5.0F[5.0, 4.0, 3.0, 2.0, 1.0], 2.0, 121227.924969
1s2.2s2.2p3.8f1--5.0F[5.0, 4.0, 3.0, 2.0, 1.0], 1.0, 121227.924969

1s2.2s2.2p3.10i1--5.0I[8.0, 7.0, 6.0, 5.0, 4.0], 8.0, 121463.560399
1s2.2s2.2p3.10i1--5.0I[8.0, 7.0, 6.0, 5.0, 4.0], 7.0, 121463.560399
1s2.2s2.2p3.10i1--5.0I[8.0, 7.0, 6.0, 5.0, 4.0], 6.0, 121463.560399
1s2.2s2.2p3.10i1--5.0I[8.0, 7.0, 6.0, 5.0, 4.0], 5.0, 121463.560399
1s2.2s2.2p3.10i1--5.0I[8.0, 7.0, 6.0, 5.0, 4.0], 4.0, 121463.560399

1s2.2s2.2p3.10i1--3.0I[7.0, 6.0, 5.0], 7.0, 121463.5605
1s2.2s2.2p3.10i1--3.0I[7.0, 6.0, 5.0], 6.0, 121463.5605
1s2.2s2.2p3.10i1--3.0I[7.0, 6.0, 5.0], 5.0, 121463.5605

1s2.2s2.2p3.8i1--5.0I[8.0, 7.0, 6.0, 5.0, 4.0], 8.0, 122628.82391894597
1s2.2s2.2p3.8i1--5.0I[8.0, 7.0, 6.0, 5.0, 4.0], 7.0, 122628.82391894597
1s2.2s2.2p3.8i1--5.0I[8.0, 7.0, 6.0, 5.0, 4.0], 6.0, 122628.82391894597
1s2.2s2.2p3.8i1--5.0I[8.0, 7.0, 6.0, 5.0, 4.0], 5.0, 122628.82391894597
1s2.2s2.2p3.8i1--5.0I[8.0, 7.0, 6.0, 5.0, 4.0], 4.0, 122628.82391894597

1s2.2s2.2p3.8i1--3.0I[7.0, 6.0, 5.0], 7.0, 122628.823918946
1s2.2s2.2p3.8i1--3.0I[7.0, 6.0, 5.0], 6.0, 122628.823918946
1s2.2s2.2p3.8i1--3.0I[7.0, 6.0, 5.0], 5.0, 122628.823918946

1s2.2s2.2p3.7p1--3.0P[2.0, 1.0, 0.0], 2.0, 122797.090761
1s2.2s2.2p3.7p1--3.0P[2.0, 1.0, 0.0], 1.0, 122797.090761
1s2.2s2.2p3.7p1--3.0P[2.0, 1.0, 0.0], 0.0, 122797.090761

1s2.2s2.2p3.7p1--5.0P[3.0, 2.0, 1.0], 3.0, 122843.847199
1s2.2s2.2p3.7p1--5.0P[3.0, 2.0, 1.0], 2.0, 122843.847199
1s2.2s2.2p3.7p1--5.0P[3.0, 2.0, 1.0], 1.0, 122843.847199

1s2.2s2.2p3.9k1--5.0K[10.0, 9.0, 8.0, 7.0, 6.0], 10.0, 122935.625364
1s2.2s2.2p3.9k1--5.0K[10.0, 9.0, 8.0, 7.0, 6.0], 9.0, 122935.625364
1s2.2s2.2p3.9k1--5.0K[10.0, 9.0, 8.0, 7.0, 6.0], 8.0, 122935.625364
1s2.2s2.2p3.9k1--5.0K[10.0, 9.0, 8.0, 7.0, 6.0], 7.0, 122935.625364
1s2.2s2.2p3.9k1--5.0K[10.0, 9.0, 8.0, 7.0, 6.0], 6.0, 122935.625364

1s2.2s2.2p3.9k1--3.0K[9.0, 8.0, 7.0], 9.0, 122935.625364
1s2.2s2.2p3.9k1--3.0K[9.0, 8.0, 7.0], 8.0, 122935.625364
1s2.2s2.2p3.9k1--3.0K[9.0, 8.0, 7.0], 7.0, 122935.625364

1s2.2s2.2p3.10g1--5.0G[6.0, 5.0, 4.0, 3.0, 2.0], 6.0, 124036.554391
1s2.2s2.2p3.10g1--5.0G[6.0, 5.0, 4.0, 3.0, 2.0], 5.0, 124036.554391
1s2.2s2.2p3.10g1--5.0G[6.0, 5.0, 4.0, 3.0, 2.0], 4.0, 124036.554391
1s2.2s2.2p3.10g1--5.0G[6.0, 5.0, 4.0, 3.0, 2.0], 3.0, 124036.554391
1s2.2s2.2p3.10g1--5.0G[6.0, 5.0, 4.0, 3.0, 2.0], 2.0, 124036.554391

1s2.2s2.2p3.10g1--3.0G[5.0, 4.0, 3.0], 5.0, 124036.554403
1s2.2s2.2p3.10g1--3.0G[5.0, 4.0, 3.0], 4.0, 124036.554403
1s2.2s2.2p3.10g1--3.0G[5.0, 4.0, 3.0], 3.0, 124036.554403

1s2.2s2.2p3.8j1--5.0J[9.0, 8.0, 7.0, 6.0, 5.0], 9.0, 124740.682651
1s2.2s2.2p3.8j1--5.0J[9.0, 8.0, 7.0, 6.0, 5.0], 8.0, 124740.682651
1s2.2s2.2p3.8j1--5.0J[9.0, 8.0, 7.0, 6.0, 5.0], 7.0, 124740.682651
1s2.2s2.2p3.8j1--5.0J[9.0, 8.0, 7.0, 6.0, 5.0], 6.0, 124740.682651
1s2.2s2.2p3.8j1--5.0J[9.0, 8.0, 7.0, 6.0, 5.0], 5.0, 124740.682651

1s2.2s2.2p3.8j1--3.0J[8.0, 7.0, 6.0], 8.0, 124740.682651
1s2.2s2.2p3.8j1--3.0J[8.0, 7.0, 6.0], 7.0, 124740.682651
1s2.2s2.2p3.8j1--3.0J[8.0, 7.0, 6.0], 6.0, 124740.682651

1s2.2s2.2p3.10f1--3.0F[4.0, 3.0, 2.0], 4.0, 125200.594992
1s2.2s2.2p3.10f1--3.0F[4.0, 3.0, 2.0], 3.0, 125200.594992
1s2.2s2.2p3.10f1--3.0F[4.0, 3.0, 2.0], 2.0, 125200.594992

1s2.2s2.2p3.10f1--5.0F[5.0, 4.0, 3.0, 2.0, 1.0], 5.0, 125200.605558
1s2.2s2.2p3.10f1--5.0F[5.0, 4.0, 3.0, 2.0, 1.0], 4.0, 125200.605558
1s2.2s2.2p3.10f1--5.0F[5.0, 4.0, 3.0, 2.0, 1.0], 3.0, 125200.605558
1s2.2s2.2p3.10f1--5.0F[5.0, 4.0, 3.0, 2.0, 1.0], 2.0, 125200.605558
1s2.2s2.2p3.10f1--5.0F[5.0, 4.0, 3.0, 2.0, 1.0], 1.0, 125200.605558

1s2.2s2.2p3.8p1--3.0P[2.0, 1.0, 0.0], 2.0, 125288.231005
1s2.2s2.2p3.8p1--3.0P[2.0, 1.0, 0.0], 1.0, 125288.231005
1s2.2s2.2p3.8p1--3.0P[2.0, 1.0, 0.0], 0.0, 125288.231005

1s2.2s2.2p3.8p1--5.0P[3.0, 2.0, 1.0], 3.0, 125319.115143
1s2.2s2.2p3.8p1--5.0P[3.0, 2.0, 1.0], 2.0, 125319.115143
1s2.2s2.2p3.8p1--5.0P[3.0, 2.0, 1.0], 1.0, 125319.115143

1s2.2s2.2p3.9i1--3.0I[7.0, 6.0, 5.0], 7.0, 125387.411672
1s2.2s2.2p3.9i1--3.0I[7.0, 6.0, 5.0], 6.0, 125387.411672
1s2.2s2.2p3.9i1--3.0I[7.0, 6.0, 5.0], 5.0, 125387.411672

1s2.2s2.2p3.9i1--5.0I[8.0, 7.0, 6.0, 5.0, 4.0], 8.0, 125387.411802
1s2.2s2.2p3.9i1--5.0I[8.0, 7.0, 6.0, 5.0, 4.0], 7.0, 125387.411802
1s2.2s2.2p3.9i1--5.0I[8.0, 7.0, 6.0, 5.0, 4.0], 6.0, 125387.411802
1s2.2s2.2p3.9i1--5.0I[8.0, 7.0, 6.0, 5.0, 4.0], 5.0, 125387.411802
1s2.2s2.2p3.9i1--5.0I[8.0, 7.0, 6.0, 5.0, 4.0], 4.0, 125387.411802

1s2.2s2.2p3.10k1--5.0K[10.0, 9.0, 8.0, 7.0, 6.0], 10.0, 125541.5906181066
1s2.2s2.2p3.10k1--5.0K[10.0, 9.0, 8.0, 7.0, 6.0], 9.0, 125541.5906181066
1s2.2s2.2p3.10k1--5.0K[10.0, 9.0, 8.0, 7.0, 6.0], 8.0, 125541.5906181066
1s2.2s2.2p3.10k1--5.0K[10.0, 9.0, 8.0, 7.0, 6.0], 7.0, 125541.5906181066
1s2.2s2.2p3.10k1--5.0K[10.0, 9.0, 8.0, 7.0, 6.0], 6.0, 125541.5906181066

1s2.2s2.2p3.10k1--3.0K[9.0, 8.0, 7.0], 9.0, 125541.59061810662
1s2.2s2.2p3.10k1--3.0K[9.0, 8.0, 7.0], 8.0, 125541.59061810662
1s2.2s2.2p3.10k1--3.0K[9.0, 8.0, 7.0], 7.0, 125541.59061810662

1s2.2s2.2p3.10h1--5.0H[7.0, 6.0, 5.0, 4.0, 3.0], 7.0, 126223.195936
1s2.2s2.2p3.10h1--5.0H[7.0, 6.0, 5.0, 4.0, 3.0], 6.0, 126223.195936
1s2.2s2.2p3.10h1--5.0H[7.0, 6.0, 5.0, 4.0, 3.0], 5.0, 126223.195936
1s2.2s2.2p3.10h1--5.0H[7.0, 6.0, 5.0, 4.0, 3.0], 4.0, 126223.195936
1s2.2s2.2p3.10h1--5.0H[7.0, 6.0, 5.0, 4.0, 3.0], 3.0, 126223.195936

1s2.2s2.2p3.10h1--3.0H[6.0, 5.0, 4.0], 6.0, 126223.196102
1s2.2s2.2p3.10h1--3.0H[6.0, 5.0, 4.0], 5.0, 126223.196102
1s2.2s2.2p3.10h1--3.0H[6.0, 5.0, 4.0], 4.0, 126223.196102

1s2.2s2.2p3.9j1--5.0J[9.0, 8.0, 7.0, 6.0, 5.0], 9.0, 126492.83665004882
1s2.2s2.2p3.9j1--5.0J[9.0, 8.0, 7.0, 6.0, 5.0], 8.0, 126492.83665004882
1s2.2s2.2p3.9j1--5.0J[9.0, 8.0, 7.0, 6.0, 5.0], 7.0, 126492.83665004882
1s2.2s2.2p3.9j1--5.0J[9.0, 8.0, 7.0, 6.0, 5.0], 6.0, 126492.83665004882
1s2.2s2.2p3.9j1--5.0J[9.0, 8.0, 7.0, 6.0, 5.0], 5.0, 126492.83665004882

1s2.2s2.2p3.9j1--3.0J[8.0, 7.0, 6.0], 8.0, 126492.83665004886
1s2.2s2.2p3.9j1--3.0J[8.0, 7.0, 6.0], 7.0, 126492.83665004886
1s2.2s2.2p3.9j1--3.0J[8.0, 7.0, 6.0], 6.0, 126492.83665004886

1s2.2s2.2p3.9p1--3.0P[2.0, 1.0, 0.0], 2.0, 126723.781566
1s2.2s2.2p3.9p1--3.0P[2.0, 1.0, 0.0], 1.0, 126723.781566
1s2.2s2.2p3.9p1--3.0P[2.0, 1.0, 0.0], 0.0, 126723.781566

1s2.2s2.2p3.9p1--5.0P[3.0, 2.0, 1.0], 3.0, 126744.237404
1s2.2s2.2p3.9p1--5.0P[3.0, 2.0, 1.0], 2.0, 126744.237404
1s2.2s2.2p3.9p1--5.0P[3.0, 2.0, 1.0], 1.0, 126744.237404

1s2.2s2.2p3.10i1--3.0I[7.0, 6.0, 5.0], 7.0, 126854.643331
1s2.2s2.2p3.10i1--3.0I[7.0, 6.0, 5.0], 6.0, 126854.643331
1s2.2s2.2p3.10i1--3.0I[7.0, 6.0, 5.0], 5.0, 126854.643331

1s2.2s2.2p3.10i1--5.0I[8.0, 7.0, 6.0, 5.0, 4.0], 8.0, 126854.643393
1s2.2s2.2p3.10i1--5.0I[8.0, 7.0, 6.0, 5.0, 4.0], 7.0, 126854.643393
1s2.2s2.2p3.10i1--5.0I[8.0, 7.0, 6.0, 5.0, 4.0], 6.0, 126854.643393
1s2.2s2.2p3.10i1--5.0I[8.0, 7.0, 6.0, 5.0, 4.0], 5.0, 126854.643393
1s2.2s2.2p3.10i1--5.0I[8.0, 7.0, 6.0, 5.0, 4.0], 4.0, 126854.643393

1s2.2s2.2p3.10j1--3.0J[8.0, 7.0, 6.0], 8.0, 127504.289288
1s2.2s2.2p3.10j1--3.0J[8.0, 7.0, 6.0], 7.0, 127504.289288
1s2.2s2.2p3.10j1--3.0J[8.0, 7.0, 6.0], 6.0, 127504.289288

1s2.2s2.2p3.10j1--5.0J[9.0, 8.0, 7.0, 6.0, 5.0], 9.0, 127504.289302
1s2.2s2.2p3.10j1--5.0J[9.0, 8.0, 7.0, 6.0, 5.0], 8.0, 127504.289302
1s2.2s2.2p3.10j1--5.0J[9.0, 8.0, 7.0, 6.0, 5.0], 7.0, 127504.289302
1s2.2s2.2p3.10j1--5.0J[9.0, 8.0, 7.0, 6.0, 5.0], 6.0, 127504.289302
1s2.2s2.2p3.10j1--5.0J[9.0, 8.0, 7.0, 6.0, 5.0], 5.0, 127504.289302

1s2.2s2.2p3.10p1--3.0P[2.0, 1.0, 0.0], 2.0, 127611.86113
1s2.2s2.2p3.10p1--3.0P[2.0, 1.0, 0.0], 1.0, 127611.86113
1s2.2s2.2p3.10p1--3.0P[2.0, 1.0, 0.0], 0.0, 127611.86113

1s2.2s2.2p3.10p1--5.0P[3.0, 2.0, 1.0], 3.0, 127625.819083
1s2.2s2.2p3.10p1--5.0P[3.0, 2.0, 1.0], 2.0, 127625.819083
1s2.2s2.2p3.10p1--5.0P[3.0, 2.0, 1.0], 1.0, 127625.819083

1s2.2s2.2p3.10l1--3.0L[10.0, 9.0, 8.0], 10.0, 131020.050106
1s2.2s2.2p3.10l1--3.0L[10.0, 9.0, 8.0], 9.0, 131020.050106
1s2.2s2.2p3.10l1--3.0L[10.0, 9.0, 8.0], 8.0, 131020.050106

1s2.2s2.2p3.10l1--5.0L[11.0, 10.0, 9.0, 8.0, 7.0], 11.0, 131020.050106
1s2.2s2.2p3.10l1--5.0L[11.0, 10.0, 9.0, 8.0, 7.0], 10.0, 131020.050106
1s2.2s2.2p3.10l1--5.0L[11.0, 10.0, 9.0, 8.0, 7.0], 9.0, 131020.050106
1s2.2s2.2p3.10l1--5.0L[11.0, 10.0, 9.0, 8.0, 7.0], 8.0, 131020.050106
1s2.2s2.2p3.10l1--5.0L[11.0, 10.0, 9.0, 8.0, 7.0], 7.0, 131020.050106
