
1s2.2s2.2p3.7p1--3.0P[2.0, 1.0, 0.0], 2.0, 20990.4767623
1s2.2s2.2p3.7p1--3.0P[2.0, 1.0, 0.0], 1.0, 20990.4767623
1s2.2s2.2p3.7p1--3.0P[2.0, 1.0, 0.0], 0.0, 20990.4767623

1s2.2s2.2p3.7g1--3.0G[5.0, 4.0, 3.0], 5.0, 88865.7680576
1s2.2s2.2p3.7g1--3.0G[5.0, 4.0, 3.0], 4.0, 88865.7680576
1s2.2s2.2p3.7g1--3.0G[5.0, 4.0, 3.0], 3.0, 88865.7680576

1s2.2s2.2p3.7g1--5.0G[6.0, 5.0, 4.0, 3.0, 2.0], 6.0, 88865.7680576
1s2.2s2.2p3.7g1--5.0G[6.0, 5.0, 4.0, 3.0, 2.0], 5.0, 88865.7680576
1s2.2s2.2p3.7g1--5.0G[6.0, 5.0, 4.0, 3.0, 2.0], 4.0, 88865.7680576
1s2.2s2.2p3.7g1--5.0G[6.0, 5.0, 4.0, 3.0, 2.0], 3.0, 88865.7680576
1s2.2s2.2p3.7g1--5.0G[6.0, 5.0, 4.0, 3.0, 2.0], 2.0, 88865.7680576

1s2.2s2.2p3.5g1--5.0G[6.0, 5.0, 4.0, 3.0, 2.0], 6.0, 105445.27482479386
1s2.2s2.2p3.5g1--5.0G[6.0, 5.0, 4.0, 3.0, 2.0], 5.0, 105445.27482479386
1s2.2s2.2p3.5g1--5.0G[6.0, 5.0, 4.0, 3.0, 2.0], 4.0, 105445.27482479386
1s2.2s2.2p3.5g1--5.0G[6.0, 5.0, 4.0, 3.0, 2.0], 3.0, 105445.27482479386
1s2.2s2.2p3.5g1--5.0G[6.0, 5.0, 4.0, 3.0, 2.0], 2.0, 105445.27482479386

1s2.2s2.2p3.5g1--3.0G[5.0, 4.0, 3.0], 5.0, 105445.27482479386
1s2.2s2.2p3.5g1--3.0G[5.0, 4.0, 3.0], 4.0, 105445.27482479386
1s2.2s2.2p3.5g1--3.0G[5.0, 4.0, 3.0], 3.0, 105445.27482479386

1s2.2s2.2p3.7p1--5.0P[3.0, 2.0, 1.0], 3.0, 106995.152217
1s2.2s2.2p3.7p1--5.0P[3.0, 2.0, 1.0], 2.0, 106995.152217
1s2.2s2.2p3.7p1--5.0P[3.0, 2.0, 1.0], 1.0, 106995.152217

1s2.2s2.2p3.5g1--5.0G[6.0, 5.0, 4.0, 3.0, 2.0], 6.0, 107008.1145
1s2.2s2.2p3.5g1--5.0G[6.0, 5.0, 4.0, 3.0, 2.0], 5.0, 107008.1145
1s2.2s2.2p3.5g1--5.0G[6.0, 5.0, 4.0, 3.0, 2.0], 4.0, 107008.1145
1s2.2s2.2p3.5g1--5.0G[6.0, 5.0, 4.0, 3.0, 2.0], 3.0, 107008.1145
1s2.2s2.2p3.5g1--5.0G[6.0, 5.0, 4.0, 3.0, 2.0], 2.0, 107008.1145

1s2.2s2.2p3.5g1--5.0G[6.0, 5.0, 4.0, 3.0, 2.0], 6.0, 107008.1145
1s2.2s2.2p3.5g1--5.0G[6.0, 5.0, 4.0, 3.0, 2.0], 5.0, 107008.1145
1s2.2s2.2p3.5g1--5.0G[6.0, 5.0, 4.0, 3.0, 2.0], 4.0, 107008.1145
1s2.2s2.2p3.5g1--5.0G[6.0, 5.0, 4.0, 3.0, 2.0], 3.0, 107008.1145
1s2.2s2.2p3.5g1--5.0G[6.0, 5.0, 4.0, 3.0, 2.0], 2.0, 107008.1145

1s2.2s2.2p3.5g1--3.0G[5.0, 4.0, 3.0], 5.0, 107008.1145
1s2.2s2.2p3.5g1--3.0G[5.0, 4.0, 3.0], 4.0, 107008.1145
1s2.2s2.2p3.5g1--3.0G[5.0, 4.0, 3.0], 3.0, 107008.1145

1s2.2s2.2p3.5g1--3.0G[5.0, 4.0, 3.0], 5.0, 107008.1145
1s2.2s2.2p3.5g1--3.0G[5.0, 4.0, 3.0], 4.0, 107008.1145
1s2.2s2.2p3.5g1--3.0G[5.0, 4.0, 3.0], 3.0, 107008.1145

1s2.2s2.2p3.7p1--3.0P[2.0, 1.0, 0.0], 2.0, 107068.737564
1s2.2s2.2p3.7p1--3.0P[2.0, 1.0, 0.0], 1.0, 107068.737564
1s2.2s2.2p3.7p1--3.0P[2.0, 1.0, 0.0], 0.0, 107068.737564

1s2.2s2.2p3.7p1--5.0P[3.0, 2.0, 1.0], 3.0, 107406.633816
1s2.2s2.2p3.7p1--5.0P[3.0, 2.0, 1.0], 2.0, 107406.633816
1s2.2s2.2p3.7p1--5.0P[3.0, 2.0, 1.0], 1.0, 107406.633816

1s2.2s2.2p3.6h1--5.0H[7.0, 6.0, 5.0, 4.0, 3.0], 7.0, 107552.699433
1s2.2s2.2p3.6h1--5.0H[7.0, 6.0, 5.0, 4.0, 3.0], 6.0, 107552.699433
1s2.2s2.2p3.6h1--5.0H[7.0, 6.0, 5.0, 4.0, 3.0], 5.0, 107552.699433
1s2.2s2.2p3.6h1--5.0H[7.0, 6.0, 5.0, 4.0, 3.0], 4.0, 107552.699433
1s2.2s2.2p3.6h1--5.0H[7.0, 6.0, 5.0, 4.0, 3.0], 3.0, 107552.699433

1s2.2s2.2p3.6h1--5.0H[7.0, 6.0, 5.0, 4.0, 3.0], 7.0, 107552.699433
1s2.2s2.2p3.6h1--5.0H[7.0, 6.0, 5.0, 4.0, 3.0], 6.0, 107552.699433
1s2.2s2.2p3.6h1--5.0H[7.0, 6.0, 5.0, 4.0, 3.0], 5.0, 107552.699433
1s2.2s2.2p3.6h1--5.0H[7.0, 6.0, 5.0, 4.0, 3.0], 4.0, 107552.699433
1s2.2s2.2p3.6h1--5.0H[7.0, 6.0, 5.0, 4.0, 3.0], 3.0, 107552.699433

1s2.2s2.2p3.6h1--5.0H[7.0, 6.0, 5.0, 4.0, 3.0], 7.0, 107552.699433
1s2.2s2.2p3.6h1--5.0H[7.0, 6.0, 5.0, 4.0, 3.0], 6.0, 107552.699433
1s2.2s2.2p3.6h1--5.0H[7.0, 6.0, 5.0, 4.0, 3.0], 5.0, 107552.699433
1s2.2s2.2p3.6h1--5.0H[7.0, 6.0, 5.0, 4.0, 3.0], 4.0, 107552.699433
1s2.2s2.2p3.6h1--5.0H[7.0, 6.0, 5.0, 4.0, 3.0], 3.0, 107552.699433

1s2.2s2.2p3.6h1--3.0H[6.0, 5.0, 4.0], 6.0, 107552.699433
1s2.2s2.2p3.6h1--3.0H[6.0, 5.0, 4.0], 5.0, 107552.699433
1s2.2s2.2p3.6h1--3.0H[6.0, 5.0, 4.0], 4.0, 107552.699433

1s2.2s2.2p3.6h1--3.0H[6.0, 5.0, 4.0], 6.0, 107552.699433
1s2.2s2.2p3.6h1--3.0H[6.0, 5.0, 4.0], 5.0, 107552.699433
1s2.2s2.2p3.6h1--3.0H[6.0, 5.0, 4.0], 4.0, 107552.699433

1s2.2s2.2p3.6h1--3.0H[6.0, 5.0, 4.0], 6.0, 107552.699433
1s2.2s2.2p3.6h1--3.0H[6.0, 5.0, 4.0], 5.0, 107552.699433
1s2.2s2.2p3.6h1--3.0H[6.0, 5.0, 4.0], 4.0, 107552.699433

1s2.2s2.2p3.7g1--5.0G[6.0, 5.0, 4.0, 3.0, 2.0], 6.0, 107597.266275
1s2.2s2.2p3.7g1--5.0G[6.0, 5.0, 4.0, 3.0, 2.0], 5.0, 107597.266275
1s2.2s2.2p3.7g1--5.0G[6.0, 5.0, 4.0, 3.0, 2.0], 4.0, 107597.266275
1s2.2s2.2p3.7g1--5.0G[6.0, 5.0, 4.0, 3.0, 2.0], 3.0, 107597.266275
1s2.2s2.2p3.7g1--5.0G[6.0, 5.0, 4.0, 3.0, 2.0], 2.0, 107597.266275

1s2.2s2.2p3.7g1--3.0G[5.0, 4.0, 3.0], 5.0, 107597.266292
1s2.2s2.2p3.7g1--3.0G[5.0, 4.0, 3.0], 4.0, 107597.266292
1s2.2s2.2p3.7g1--3.0G[5.0, 4.0, 3.0], 3.0, 107597.266292

1s2.2s2.2p3.7h1--5.0H[7.0, 6.0, 5.0, 4.0, 3.0], 7.0, 108092.683710406
1s2.2s2.2p3.7h1--5.0H[7.0, 6.0, 5.0, 4.0, 3.0], 6.0, 108092.683710406
1s2.2s2.2p3.7h1--5.0H[7.0, 6.0, 5.0, 4.0, 3.0], 5.0, 108092.683710406
1s2.2s2.2p3.7h1--5.0H[7.0, 6.0, 5.0, 4.0, 3.0], 4.0, 108092.683710406
1s2.2s2.2p3.7h1--5.0H[7.0, 6.0, 5.0, 4.0, 3.0], 3.0, 108092.683710406

1s2.2s2.2p3.7h1--3.0H[6.0, 5.0, 4.0], 6.0, 108092.68371040605
1s2.2s2.2p3.7h1--3.0H[6.0, 5.0, 4.0], 5.0, 108092.68371040605
1s2.2s2.2p3.7h1--3.0H[6.0, 5.0, 4.0], 4.0, 108092.68371040605

1s2.2s2.2p3.7i1--5.0I[8.0, 7.0, 6.0, 5.0, 4.0], 8.0, 108412.904424
1s2.2s2.2p3.7i1--5.0I[8.0, 7.0, 6.0, 5.0, 4.0], 7.0, 108412.904424
1s2.2s2.2p3.7i1--5.0I[8.0, 7.0, 6.0, 5.0, 4.0], 6.0, 108412.904424
1s2.2s2.2p3.7i1--5.0I[8.0, 7.0, 6.0, 5.0, 4.0], 5.0, 108412.904424
1s2.2s2.2p3.7i1--5.0I[8.0, 7.0, 6.0, 5.0, 4.0], 4.0, 108412.904424

1s2.2s2.2p3.7i1--3.0I[7.0, 6.0, 5.0], 7.0, 108412.904424
1s2.2s2.2p3.7i1--3.0I[7.0, 6.0, 5.0], 6.0, 108412.904424
1s2.2s2.2p3.7i1--3.0I[7.0, 6.0, 5.0], 5.0, 108412.904424

1s2.2s2.2p3.7i1--5.0I[8.0, 7.0, 6.0, 5.0, 4.0], 8.0, 115898.931322
1s2.2s2.2p3.7i1--5.0I[8.0, 7.0, 6.0, 5.0, 4.0], 7.0, 115898.931322
1s2.2s2.2p3.7i1--5.0I[8.0, 7.0, 6.0, 5.0, 4.0], 6.0, 115898.931322
1s2.2s2.2p3.7i1--5.0I[8.0, 7.0, 6.0, 5.0, 4.0], 5.0, 115898.931322
1s2.2s2.2p3.7i1--5.0I[8.0, 7.0, 6.0, 5.0, 4.0], 4.0, 115898.931322

1s2.2s2.2p3.7i1--3.0I[7.0, 6.0, 5.0], 7.0, 115898.931322
1s2.2s2.2p3.7i1--3.0I[7.0, 6.0, 5.0], 6.0, 115898.931322
1s2.2s2.2p3.7i1--3.0I[7.0, 6.0, 5.0], 5.0, 115898.931322

1s2.2s2.2p3.7g1--5.0G[6.0, 5.0, 4.0, 3.0, 2.0], 6.0, 122390.346617
1s2.2s2.2p3.7g1--5.0G[6.0, 5.0, 4.0, 3.0, 2.0], 5.0, 122390.346617
1s2.2s2.2p3.7g1--5.0G[6.0, 5.0, 4.0, 3.0, 2.0], 4.0, 122390.346617
1s2.2s2.2p3.7g1--5.0G[6.0, 5.0, 4.0, 3.0, 2.0], 3.0, 122390.346617
1s2.2s2.2p3.7g1--5.0G[6.0, 5.0, 4.0, 3.0, 2.0], 2.0, 122390.346617

1s2.2s2.2p3.7g1--3.0G[5.0, 4.0, 3.0], 5.0, 122390.346617
1s2.2s2.2p3.7g1--3.0G[5.0, 4.0, 3.0], 4.0, 122390.346617
1s2.2s2.2p3.7g1--3.0G[5.0, 4.0, 3.0], 3.0, 122390.346617

1s2.2s2.2p3.7h1--5.0H[7.0, 6.0, 5.0, 4.0, 3.0], 7.0, 123979.5214809598
1s2.2s2.2p3.7h1--5.0H[7.0, 6.0, 5.0, 4.0, 3.0], 6.0, 123979.5214809598
1s2.2s2.2p3.7h1--5.0H[7.0, 6.0, 5.0, 4.0, 3.0], 5.0, 123979.5214809598
1s2.2s2.2p3.7h1--5.0H[7.0, 6.0, 5.0, 4.0, 3.0], 4.0, 123979.5214809598
1s2.2s2.2p3.7h1--5.0H[7.0, 6.0, 5.0, 4.0, 3.0], 3.0, 123979.5214809598

1s2.2s2.2p3.7h1--3.0H[6.0, 5.0, 4.0], 6.0, 123979.5214809598
1s2.2s2.2p3.7h1--3.0H[6.0, 5.0, 4.0], 5.0, 123979.5214809598
1s2.2s2.2p3.7h1--3.0H[6.0, 5.0, 4.0], 4.0, 123979.5214809598

1s2.2s2.2p3.7i1--5.0I[8.0, 7.0, 6.0, 5.0, 4.0], 8.0, 128103.687589
1s2.2s2.2p3.7i1--5.0I[8.0, 7.0, 6.0, 5.0, 4.0], 7.0, 128103.687589
1s2.2s2.2p3.7i1--5.0I[8.0, 7.0, 6.0, 5.0, 4.0], 6.0, 128103.687589
1s2.2s2.2p3.7i1--5.0I[8.0, 7.0, 6.0, 5.0, 4.0], 5.0, 128103.687589
1s2.2s2.2p3.7i1--5.0I[8.0, 7.0, 6.0, 5.0, 4.0], 4.0, 128103.687589

1s2.2s2.2p3.7i1--3.0I[7.0, 6.0, 5.0], 7.0, 128103.687589
1s2.2s2.2p3.7i1--3.0I[7.0, 6.0, 5.0], 6.0, 128103.687589
1s2.2s2.2p3.7i1--3.0I[7.0, 6.0, 5.0], 5.0, 128103.687589

1s2.2s2.2p3.7h1--5.0H[7.0, 6.0, 5.0, 4.0, 3.0], 7.0, 134102.64275402567
1s2.2s2.2p3.7h1--5.0H[7.0, 6.0, 5.0, 4.0, 3.0], 6.0, 134102.64275402567
1s2.2s2.2p3.7h1--5.0H[7.0, 6.0, 5.0, 4.0, 3.0], 5.0, 134102.64275402567
1s2.2s2.2p3.7h1--5.0H[7.0, 6.0, 5.0, 4.0, 3.0], 4.0, 134102.64275402567
1s2.2s2.2p3.7h1--5.0H[7.0, 6.0, 5.0, 4.0, 3.0], 3.0, 134102.64275402567

1s2.2s2.2p3.7h1--3.0H[6.0, 5.0, 4.0], 6.0, 134102.64275402567
1s2.2s2.2p3.7h1--3.0H[6.0, 5.0, 4.0], 5.0, 134102.64275402567
1s2.2s2.2p3.7h1--3.0H[6.0, 5.0, 4.0], 4.0, 134102.64275402567

1s2.2s2.2p3.7p1--3.0P[2.0, 1.0, 0.0], 2.0, 140574.898198
1s2.2s2.2p3.7p1--3.0P[2.0, 1.0, 0.0], 1.0, 140574.898198
1s2.2s2.2p3.7p1--3.0P[2.0, 1.0, 0.0], 0.0, 140574.898198

1s2.2s2.2p3.7p1--5.0P[3.0, 2.0, 1.0], 3.0, 140654.131031
1s2.2s2.2p3.7p1--5.0P[3.0, 2.0, 1.0], 2.0, 140654.131031
1s2.2s2.2p3.7p1--5.0P[3.0, 2.0, 1.0], 1.0, 140654.131031
