

~~~~~~~O~~~~~~~
100.0-6000.0    | 
      -5.885382402e+03,
       1.157653185e+02,
       2.263597931e+00,
       2.060377015e-04,
      -7.738647691e-08,
       1.125348802e-11,
      -1.041805561e-23,
6000.0-14000.0  | 
      -2.556006049e+09,
       1.688642945e+06,
      -4.444381610e+02,
       5.945429371e-02,
      -3.990487237e-06,
       1.095116808e-10,
      -9.963755532e-25,
14000.0-22000.0 | 
       1.000000000e+00,
      -8.805596671e+06,
       3.230376789e+03,
      -4.271224649e-01,
       2.478265013e-05,
      -5.465026722e-10,
       3.569430896e-24,
22000.0-50000.0 | 
       1.000000000e+00,
       2.805173883e+06,
      -2.087575898e+02,
       4.952299720e-03,
      -1.795360268e-08,
      -4.932776735e-13,
       9.100186717e-28,


~~~~~~~O+~~~~~~~
100.0-14000.0   | 
       1.609931106e+03,
      -2.252870699e+01,
       2.576404975e+00,
      -5.990276810e-05,
       4.991855140e-09,
       1.062599975e-12,
      -2.670829809e-25,
14000.0-32000.0 | 
       1.934483412e+05,
       4.361694174e+05,
      -9.461636119e+01,
       8.106951484e-03,
      -2.853304419e-07,
       3.453224585e-12,
       1.125107425e-26,
32000.0-50000.0 | 
       1.000000000e+00,
       3.240779561e+08,
      -3.701277220e+04,
       1.602634997e+00,
      -3.156384616e-05,
       2.448112682e-10,
      -8.202391840e-26,


~~~~~~~O2~~~~~~~
100.0-600.0     | 
       5.977607284e+03,
      -1.683550260e+02,
       5.291625896e+00,
      -8.917646113e-03,
       2.022262505e-05,
      -1.517246056e-08,
       3.842964773e-18,
600.0-4000.0    | 
       3.527206202e+05,
      -1.970932957e+03,
       7.014891352e+00,
      -1.794068568e-03,
       6.822483892e-07,
      -8.998318913e-11,
       1.202788508e-22,
4000.0-10000.0  | 
       7.638114854e+03,
      -3.621561247e+03,
       7.657978769e+00,
      -1.022896417e-03,
       2.013621006e-07,
      -1.361507741e-11,
       1.431980413e-24,
10000.0-50000.0 | 
      -6.931837347e+08,
       1.992902241e+05,
      -1.320947402e+01,
       6.453793102e-04,
      -1.336241430e-08,
       1.143781451e-13,
      -5.766586026e-29,


~~~~~~~O2+~~~~~~~
100.0-600.0     | 
       8.961998120e+02,
      -2.359839088e+01,
       3.717983623e+00,
      -7.475503285e-04,
       1.419808465e-07,
       2.848533682e-09,
      -3.443810883e-18,
600.0-4000.0    | 
       2.758998583e+05,
      -1.325216446e+03,
       5.231847096e+00,
      -5.569042204e-05,
      -6.010033017e-08,
       1.662661257e-11,
      -4.752190204e-23,
4000.0-14000.0  | 
      -1.827474557e+08,
       1.340872628e+05,
      -3.090927314e+01,
       3.827139526e-03,
      -1.077683171e-07,
      -2.717987391e-12,
       3.564494296e-25,
14000.0-50000.0 | 
       5.813180937e+02,
      -2.056663103e+04,
       1.558020247e+01,
      -9.322244952e-04,
       2.612935163e-08,
      -2.733000670e-13,
       1.933766139e-28,


~~~~~~~N~~~~~~~
100.0-6000.0    | 
      -4.595644818e+02,
       7.886522401e+00,
       2.459988950e+00,
       7.484966909e-05,
      -5.193448719e-08,
       1.146884493e-11,
      -9.611086870e-24,
6000.0-14000.0  | 
       1.000000000e+00,
       2.326000686e+05,
      -1.209648641e+02,
       2.411195458e-02,
      -2.028783091e-06,
       6.308229360e-11,
       1.811397391e-25,
14000.0-22000.0 | 
       1.000000000e+00,
       7.205732377e+07,
      -1.834474476e+04,
       1.761680333e+00,
      -7.647964975e-05,
       1.300244177e-09,
      -4.454966163e-24,
22000.0-50000.0 | 
       1.000000000e+00,
       7.121484746e+06,
      -8.255845848e+02,
       3.741398638e-02,
      -7.842589025e-07,
       6.568723707e-12,
      -2.908065228e-27,


~~~~~~~N+~~~~~~~
100.0-14000.0   | 
       4.274649937e+03,
       3.900195909e+00,
       2.514322127e+00,
      -4.107401081e-05,
       1.929040722e-08,
      -1.320287912e-12,
       1.020492285e-25,
14000.0-30000.0 | 
       1.000000000e+00,
       8.777208216e+06,
      -2.142232630e+03,
       1.988390604e-01,
      -8.374348926e-06,
       1.380293686e-10,
      -3.852567381e-25,
30000.0-50000.0 | 
       1.000000000e+00,
       2.765310844e+01,
      -2.445145211e+03,
       2.242977629e-01,
      -6.934537266e-06,
       7.473892733e-11,
      -4.939679082e-26,


~~~~~~~N2~~~~~~~
100.0-600.0     | 
      -6.744607566e+02,
       1.972422042e+01,
       3.265965562e+00,
       1.424151194e-03,
      -4.368211970e-06,
       5.434693565e-09,
      -2.837224389e-18,
600.0-10000.0   | 
       3.983092904e+04,
      -4.963509535e+02,
       4.189125927e+00,
       2.787075504e-04,
      -5.762819308e-08,
       4.116854762e-12,
       1.440651378e-25,
10000.0-20000.0 | 
       1.331590629e+02,
       2.732939461e+05,
      -5.187795760e+01,
       1.702982929e-03,
       2.622981514e-07,
      -1.350252031e-11,
       2.283971541e-25,
20000.0-50000.0 | 
       1.000000000e+00,
      -4.186233775e+05,
       8.839415900e+01,
      -5.015342399e-03,
       1.237939216e-07,
      -1.167901504e-12,
       6.520307629e-28,


~~~~~~~N2+~~~~~~~
100.0-600.0     | 
      -1.420718469e+03,
       4.086872395e+01,
       3.044089026e+00,
       2.512546816e-03,
      -7.025373842e-06,
       8.225920303e-09,
      -4.484413614e-18,
600.0-5000.0    | 
       7.100671453e+05,
      -3.332774202e+03,
       8.794954167e+00,
      -3.304422474e-03,
       1.275155139e-06,
      -1.618247488e-10,
       1.478614387e-22,
5000.0-12000.0  | 
       5.415348842e-01,
      -2.163559097e+04,
       1.803675183e+01,
      -2.734808862e-03,
       2.769117047e-07,
      -1.094346793e-11,
       3.727059900e-25,
12000.0-50000.0 | 
       1.000000000e+00,
      -6.292210371e+04,
       2.085461203e+01,
      -1.169699973e-03,
       3.104188679e-08,
      -3.141901312e-13,
       2.124316749e-28,


~~~~~~~NO~~~~~~~
100.0-600.0     | 
       1.256288707e+03,
      -3.323752000e+01,
       3.813366051e+00,
      -1.203556891e-03,
       1.177146901e-06,
       1.894082669e-09,
      -2.973539958e-18,
600.0-4000.0    | 
       2.854497210e+05,
      -1.358036362e+03,
       5.264111003e+00,
      -6.720735036e-05,
      -6.689274973e-08,
       1.860172301e-11,
      -5.807166758e-23,
4000.0-15000.0  | 
      -1.805316521e+07,
       3.031171053e+03,
       8.293900358e+00,
      -1.529964212e-03,
       2.069429891e-07,
      -8.747273256e-12,
       2.457546005e-25,
15000.0-50000.0 | 
      -2.405712831e+09,
       4.280054208e+05,
      -1.917906089e+01,
       5.298645507e-04,
      -6.199971670e-09,
       2.624564817e-14,
       7.032975293e-30,


~~~~~~~NO+~~~~~~~
100.0-600.0     | 
      -2.306492118e+03,
       6.429743500e+01,
       2.807780758e+00,
       3.649689424e-03,
      -9.526383039e-06,
       1.012082616e-08,
      -5.048885890e-18,
600.0-12000.0   | 
       5.761679737e+05,
      -2.138568424e+03,
       5.704184409e+00,
      -1.985387084e-04,
       7.555774929e-12,
       1.920162431e-12,
       1.608715634e-26,
12000.0-20000.0 | 
       1.000000000e+00,
       1.196377967e+06,
      -3.472061559e+02,
       3.781296665e-02,
      -1.754594938e-06,
       3.079979608e-11,
      -1.024375938e-25,
20000.0-50000.0 | 
       1.000000000e+00,
      -4.281666703e+05,
       9.190404274e+01,
      -5.431939274e-03,
       1.401221846e-07,
      -1.385077132e-12,
       8.981765167e-28,


~~~~~~~e~~~~~~~
100.0-50000.0   | 
      -5.560810267e-05,
       6.304574949e-07,
       2.500463111e+00,
      -1.304857515e-12,
       9.059433054e-17,
      -1.747446558e-21,
       3.728648144e-36,
