
1s2.2s2.2p2--3.0P[2.0, 1.0, 0.0], 2.0, 130.8
1s2.2s2.2p2--3.0P[2.0, 1.0, 0.0], 1.0, 48.7
1s2.2s2.2p2--3.0P[2.0, 1.0, 0.0], 0.0, 0.0

1s2.2s2.2p2--1.0D[2.0], 2.0, 15316.2

1s2.2s2.2p2--1.0S[0.0], 0.0, 32688.8

1s2.2s1.2p3--5.0S[2.0], 2.0, 46784.6

1s2.2s1.2p3--3.0D[3.0, 2.0, 1.0], 3.0, 92237.2
1s2.2s1.2p3--3.0D[3.0, 2.0, 1.0], 2.0, 92250.3
1s2.2s1.2p3--3.0D[3.0, 2.0, 1.0], 1.0, 92251.8

1s2.2s1.2p3--3.0P[2.0, 1.0, 0.0], 2.0, 109217.6
1s2.2s1.2p3--3.0P[2.0, 1.0, 0.0], 1.0, 109216.6
1s2.2s1.2p3--3.0P[2.0, 1.0, 0.0], 0.0, 109223.5

1s2.2s1.2p3--1.0D[2.0], 2.0, 144187.94

1s2.2s2.2p1.3s1--3.0P[2.0, 1.0, 0.0], 2.0, 149076.52
1s2.2s2.2p1.3s1--3.0P[2.0, 1.0, 0.0], 1.0, 148940.17
1s2.2s2.2p1.3s1--3.0P[2.0, 1.0, 0.0], 0.0, 148908.59

1s2.2s2.2p1.3s1--1.0P[1.0], 1.0, 149187.8

1s2.2s1.2p3--3.0S[1.0], 1.0, 155126.73

1s2.2s2.2p1.3p1--1.0P[1.0], 1.0, 164610.76

1s2.2s2.2p1.3p1--3.0D[3.0, 2.0, 1.0], 3.0, 166678.64
1s2.2s2.2p1.3p1--3.0D[3.0, 2.0, 1.0], 2.0, 166582.45
1s2.2s2.2p1.3p1--3.0D[3.0, 2.0, 1.0], 1.0, 166521.69

1s2.2s1.2p3--1.0P[1.0], 1.0, 166765.66

1s2.2s2.2p1.3p1--3.0S[1.0], 1.0, 168892.21

1s2.2s2.2p1.3p1--3.0P[2.0, 1.0, 0.0], 2.0, 170666.23
1s2.2s2.2p1.3p1--3.0P[2.0, 1.0, 0.0], 1.0, 170607.89
1s2.2s2.2p1.3p1--3.0P[2.0, 1.0, 0.0], 0.0, 170572.61

1s2.2s2.2p1.3p1--1.0D[2.0], 2.0, 174212.03

1s2.2s2.2p1.3p1--1.0S[0.0], 0.0, 178273.38

1s2.2s2.2p1.3d1--3.0F[4.0, 3.0, 2.0], 4.0, 186652.49
1s2.2s2.2p1.3d1--3.0F[4.0, 3.0, 2.0], 3.0, 186570.98
1s2.2s2.2p1.3d1--3.0F[4.0, 3.0, 2.0], 2.0, 186511.58

1s2.2s2.2p1.3d1--1.0D[2.0], 2.0, 187091.37

1s2.2s2.2p1.3d1--3.0D[3.0, 2.0, 1.0], 3.0, 187491.9
1s2.2s2.2p1.3d1--3.0D[3.0, 2.0, 1.0], 2.0, 187461.56
1s2.2s2.2p1.3d1--3.0D[3.0, 2.0, 1.0], 1.0, 187437.56

1s2.2s2.2p1.3d1--3.0P[2.0, 1.0, 0.0], 2.0, 188857.37
1s2.2s2.2p1.3d1--3.0P[2.0, 1.0, 0.0], 1.0, 188909.17
1s2.2s2.2p1.3d1--3.0P[2.0, 1.0, 0.0], 0.0, 188937.24

1s2.2s2.2p1.3d1--1.0F[3.0], 3.0, 189335.16

1s2.2s2.2p1.3d1--1.0P[1.0], 1.0, 190120.24

1s2.2s2.2p1.4s1--3.0P[2.0, 1.0, 0.0], 2.0, 196711.54
1s2.2s2.2p1.4s1--3.0P[2.0, 1.0, 0.0], 1.0, 196592.07
1s2.2s2.2p1.4s1--3.0P[2.0, 1.0, 0.0], 0.0, 196540.23

1s2.2s2.2p1.4s1--1.0P[1.0], 1.0, 197858.69

1s2.2s2.2p1.4p1--1.0P[1.0], 1.0, 202170.63

1s2.2s2.2p1.4p1--3.0D[3.0, 2.0, 1.0], 3.0, 202861.36
1s2.2s2.2p1.4p1--3.0D[3.0, 2.0, 1.0], 2.0, 202765.26
1s2.2s2.2p1.4p1--3.0D[3.0, 2.0, 1.0], 1.0, 202714.12

1s2.2s2.2p1.4p1--3.0P[2.0, 1.0, 0.0], 2.0, 203258.98
1s2.2s2.2p1.4p1--3.0P[2.0, 1.0, 0.0], 1.0, 203189.03
1s2.2s2.2p1.4p1--3.0P[2.0, 1.0, 0.0], 0.0, 203162.48

1s2.2s2.2p1.4p1--3.0S[1.0], 1.0, 203537.66

1s2.2s2.2p1.4p1--1.0D[2.0], 2.0, 205350.18

1s2.2s1.2p2(4.0P).3s1--5.0P[3.0, 2.0, 1.0], 3.0, 205724.81
1s2.2s1.2p2(4.0P).3s1--5.0P[3.0, 2.0, 1.0], 2.0, 205654.22
1s2.2s1.2p2(4.0P).3s1--5.0P[3.0, 2.0, 1.0], 1.0, 205597.97

1s2.2s2.2p1.4p1--1.0S[0.0], 0.0, 206910.24

1s2.2s2.2p1.4d1--3.0F[4.0, 3.0, 2.0], 4.0, 209823.91
1s2.2s2.2p1.4d1--3.0F[4.0, 3.0, 2.0], 3.0, 209737.97
1s2.2s2.2p1.4d1--3.0F[4.0, 3.0, 2.0], 2.0, 209673.65

1s2.2s2.2p1.4d1--1.0D[2.0], 2.0, 209925.76

1s2.2s2.2p1.4d1--3.0D[3.0, 2.0, 1.0], 3.0, 210301.68
1s2.2s2.2p1.4d1--3.0D[3.0, 2.0, 1.0], 2.0, 210266.04
1s2.2s2.2p1.4d1--3.0D[3.0, 2.0, 1.0], 1.0, 210239.83

1s2.2s2.2p1.4d1--3.0P[2.0, 1.0, 0.0], 2.0, 210705.26
1s2.2s2.2p1.4d1--3.0P[2.0, 1.0, 0.0], 1.0, 210751.43
1s2.2s2.2p1.4d1--3.0P[2.0, 1.0, 0.0], 0.0, 210776.45

1s2.2s2.2p1.4d1--1.0F[3.0], 3.0, 211103.63

1s2.2s2.2p1.4d1--1.0P[1.0], 1.0, 211336.16

1s2.2s1.2p2(4.0P).3s1--3.0P[2.0, 1.0, 0.0], 2.0, 211827.67
1s2.2s1.2p2(4.0P).3s1--3.0P[2.0, 1.0, 0.0], 1.0, 211779.45
1s2.2s1.2p2(4.0P).3s1--3.0P[2.0, 1.0, 0.0], 0.0, 211749.35

1s2.2s2.2p1.5s1--3.0P[2.0, 1.0, 0.0], 2.0, 214384.13
1s2.2s2.2p1.5s1--3.0P[2.0, 1.0, 0.0], 1.0, 214257.69
1s2.2s2.2p1.5s1--3.0P[2.0, 1.0, 0.0], 0.0, 214211.96

1s2.2s2.2p1.5s1--1.0P[1.0], 1.0, 214829.18

1s2.2p4--3.0P[2.0, 1.0, 0.0], 2.0, 220290.0
1s2.2p4--3.0P[2.0, 1.0, 0.0], 1.0, 220300.0
1s2.2p4--3.0P[2.0, 1.0, 0.0], 0.0, 220310.0

1s2.2s2.2p1.5d1--1.0D[2.0], 2.0, 220495.36

1s2.2s2.2p1.5d1--3.0D[3.0, 2.0, 1.0], 3.0, 220716.0
1s2.2s2.2p1.5d1--3.0D[3.0, 2.0, 1.0], 2.0, 220674.0
1s2.2s2.2p1.5d1--3.0D[3.0, 2.0, 1.0], 1.0, 0

1s2.2s2.2p1.5d1--1.0F[3.0], 3.0, 221141.61

1s2.2s2.2p1.5d1--1.0P[1.0], 1.0, 221246.17

1s2.2s2.2p1.6s1--3.0P[2.0, 1.0, 0.0], 2.0, 222878.39
1s2.2s2.2p1.6s1--3.0P[2.0, 1.0, 0.0], 1.0, 222744.16
1s2.2s2.2p1.6s1--3.0P[2.0, 1.0, 0.0], 0.0, 0

1s2.2s1.2p2(4.0P).3p1--3.0S[1.0], 1.0, 223069.02

1s2.2s2.2p1.6s1--1.0P[1.0], 1.0, 223101.82

1s2.2s1.2p2(4.0P).3p1--5.0D[4.0, 3.0, 2.0, 1.0, 0.0], 4.0, 223785.51
1s2.2s1.2p2(4.0P).3p1--5.0D[4.0, 3.0, 2.0, 1.0, 0.0], 3.0, 223731.59
1s2.2s1.2p2(4.0P).3p1--5.0D[4.0, 3.0, 2.0, 1.0, 0.0], 2.0, 223688.45
1s2.2s1.2p2(4.0P).3p1--5.0D[4.0, 3.0, 2.0, 1.0, 0.0], 1.0, 223658.55
1s2.2s1.2p2(4.0P).3p1--5.0D[4.0, 3.0, 2.0, 1.0, 0.0], 0.0, 223643.3

1s2.2s1.2p2(4.0P).3p1--5.0P[3.0, 2.0, 1.0], 3.0, 225671.22
1s2.2s1.2p2(4.0P).3p1--5.0P[3.0, 2.0, 1.0], 2.0, 225627.47
1s2.2s1.2p2(4.0P).3p1--5.0P[3.0, 2.0, 1.0], 1.0, 225603.5

1s2.2s1.2p2(4.0P).3p1--3.0D[3.0, 2.0, 1.0], 3.0, 228791.83
1s2.2s1.2p2(4.0P).3p1--3.0D[3.0, 2.0, 1.0], 2.0, 228731.81
1s2.2s1.2p2(4.0P).3p1--3.0D[3.0, 2.0, 1.0], 1.0, 228694.3

1s2.2s1.2p2(4.0P).3p1--5.0S[2.0], 2.0, 229838.96

1s2.2s1.2p2(4.0P).3p1--3.0P[2.0, 1.0, 0.0], 2.0, 230831.74
1s2.2s1.2p2(4.0P).3p1--3.0P[2.0, 1.0, 0.0], 1.0, 0
1s2.2s1.2p2(4.0P).3p1--3.0P[2.0, 1.0, 0.0], 0.0, 0

1s2.2s1.2p2(4.0P).3d1--5.0F[5.0, 4.0, 3.0, 2.0, 1.0], 5.0, 243086.94
1s2.2s1.2p2(4.0P).3d1--5.0F[5.0, 4.0, 3.0, 2.0, 1.0], 4.0, 243046.56
1s2.2s1.2p2(4.0P).3d1--5.0F[5.0, 4.0, 3.0, 2.0, 1.0], 3.0, 243012.77
1s2.2s1.2p2(4.0P).3d1--5.0F[5.0, 4.0, 3.0, 2.0, 1.0], 2.0, 242986.76
1s2.2s1.2p2(4.0P).3d1--5.0F[5.0, 4.0, 3.0, 2.0, 1.0], 1.0, 242969.16

1s2.2s1.2p2(4.0P).3d1--5.0P[3.0, 2.0, 1.0], 3.0, 244353.31
1s2.2s1.2p2(4.0P).3d1--5.0P[3.0, 2.0, 1.0], 2.0, 244391.88
1s2.2s1.2p2(4.0P).3d1--5.0P[3.0, 2.0, 1.0], 1.0, 244418.52

1s2.2s1.2p2(4.0P).3d1--5.0D[4.0, 3.0, 2.0, 1.0, 0.0], 4.0, 244973.31
1s2.2s1.2p2(4.0P).3d1--5.0D[4.0, 3.0, 2.0, 1.0, 0.0], 3.0, 244958.95
1s2.2s1.2p2(4.0P).3d1--5.0D[4.0, 3.0, 2.0, 1.0, 0.0], 2.0, 244947.77
1s2.2s1.2p2(4.0P).3d1--5.0D[4.0, 3.0, 2.0, 1.0, 0.0], 1.0, 244939.89
1s2.2s1.2p2(4.0P).3d1--5.0D[4.0, 3.0, 2.0, 1.0, 0.0], 0.0, 244935.74

1s2.2s1.2p2(4.0P).4f1--5.0D[4.0, 3.0, 2.0, 1.0, 0.0], 4.0, 268415.27
1s2.2s1.2p2(4.0P).4f1--5.0D[4.0, 3.0, 2.0, 1.0, 0.0], 3.0, 0
1s2.2s1.2p2(4.0P).4f1--5.0D[4.0, 3.0, 2.0, 1.0, 0.0], 2.0, 0
1s2.2s1.2p2(4.0P).4f1--5.0D[4.0, 3.0, 2.0, 1.0, 0.0], 1.0, 0
1s2.2s1.2p2(4.0P).4f1--5.0D[4.0, 3.0, 2.0, 1.0, 0.0], 0.0, 0

1s2.2s1.2p2(4.0P).4f1--5.0G[6.0, 5.0, 4.0, 3.0, 2.0], 6.0, 268463.26
1s2.2s1.2p2(4.0P).4f1--5.0G[6.0, 5.0, 4.0, 3.0, 2.0], 5.0, 268415.85
1s2.2s1.2p2(4.0P).4f1--5.0G[6.0, 5.0, 4.0, 3.0, 2.0], 4.0, 268378.35
1s2.2s1.2p2(4.0P).4f1--5.0G[6.0, 5.0, 4.0, 3.0, 2.0], 3.0, 0
1s2.2s1.2p2(4.0P).4f1--5.0G[6.0, 5.0, 4.0, 3.0, 2.0], 2.0, 0

1s2.2s1.2p2(4.0P).4f1--5.0F[5.0, 4.0, 3.0, 2.0, 1.0], 5.0, 268733.72
1s2.2s1.2p2(4.0P).4f1--5.0F[5.0, 4.0, 3.0, 2.0, 1.0], 4.0, 268724.91
1s2.2s1.2p2(4.0P).4f1--5.0F[5.0, 4.0, 3.0, 2.0, 1.0], 3.0, 268716.02
1s2.2s1.2p2(4.0P).4f1--5.0F[5.0, 4.0, 3.0, 2.0, 1.0], 2.0, 0
1s2.2s1.2p2(4.0P).4f1--5.0F[5.0, 4.0, 3.0, 2.0, 1.0], 1.0, 0

1s2.2s1.2p2(4.0P).5f1--5.0G[6.0, 5.0, 4.0, 3.0, 2.0], 6.0, 278420.26
1s2.2s1.2p2(4.0P).5f1--5.0G[6.0, 5.0, 4.0, 3.0, 2.0], 5.0, 278367.3
1s2.2s1.2p2(4.0P).5f1--5.0G[6.0, 5.0, 4.0, 3.0, 2.0], 4.0, 278333.5
1s2.2s1.2p2(4.0P).5f1--5.0G[6.0, 5.0, 4.0, 3.0, 2.0], 3.0, 0
1s2.2s1.2p2(4.0P).5f1--5.0G[6.0, 5.0, 4.0, 3.0, 2.0], 2.0, 0
